,smpnum,reqnum,errors,status,model,num_users,requests,latency_ms,records,n_gpus,gpu_type,start_timestamp,end_timestamp,experiment_duration_s,n_input_tokens,n_output_tokens,latency_ms_per_token,timestamps_per_token
0,921,0,[],200,EleutherAI/gpt-neox-20b,32,1,3014.0,1.0,4,T4,1697462608336,1697462611350.0,120,31.0,1.0,"[53, 2960]","[1697462608389, 1697462611349]"
1,752,0,[],200,EleutherAI/gpt-neox-20b,32,1,3216.0,1.0,4,T4,1697462608335,1697462611551.0,120,39.0,3.0,"[29, 3096, 91]","[1697462608364, 1697462611460, 1697462611551]"
2,753,0,[],200,EleutherAI/gpt-neox-20b,32,1,6080.0,1.0,4,T4,1697462608335,1697462614415.0,120,83.0,20.0,"[51, 3073, 92, 105, 90, 103, 103, 392, 106, 90, 91, 107, 101, 89, 88, 360, 92, 91, 101, 754]","[1697462608386, 1697462611459, 1697462611551, 1697462611656, 1697462611746, 1697462611849, 1697462611952, 1697462612344, 1697462612450, 1697462612540, 1697462612631, 1697462612738, 1697462612839, 1697462612928, 1697462613016, 1697462613376, 1697462613468, 1697462613559, 1697462613660, 1697462614414]"
3,394,0,[],200,EleutherAI/gpt-neox-20b,32,1,3014.0,1.0,4,T4,1697462608335,1697462611349.0,120,11.0,1.0,"[23, 2991]","[1697462608358, 1697462611349]"
4,778,0,[],200,EleutherAI/gpt-neox-20b,32,1,12334.0,1.0,4,T4,1697462608338,1697462620672.0,120,16.0,50.0,"[64, 3058, 91, 105, 90, 103, 103, 392, 106, 90, 91, 107, 101, 89, 88, 360, 92, 91, 101, 754, 90, 74, 938, 93, 90, 89, 93, 183, 568, 106, 91, 99, 103, 679, 94, 95, 99, 97, 107, 93, 106, 501, 94, 94, 93, 93, 94, 1117, 93, 92]","[1697462608402, 1697462611460, 1697462611551, 1697462611656, 1697462611746, 1697462611849, 1697462611952, 1697462612344, 1697462612450, 1697462612540, 1697462612631, 1697462612738, 1697462612839, 1697462612928, 1697462613016, 1697462613376, 1697462613468, 1697462613559, 1697462613660, 1697462614414, 1697462614504, 1697462614578, 1697462615516, 1697462615609, 1697462615699, 1697462615788, 1697462615881, 1697462616064, 1697462616632, 1697462616738, 1697462616829, 1697462616928, 1697462617031, 1697462617710, 1697462617804, 1697462617899, 1697462617998, 1697462618095, 1697462618202, 1697462618295, 1697462618401, 1697462618902, 1697462618996, 1697462619090, 1697462619183, 1697462619276, 1697462619370, 1697462620487, 1697462620580, 1697462620672]"
5,553,0,[],200,EleutherAI/gpt-neox-20b,32,1,6080.0,1.0,4,T4,1697462608335,1697462614415.0,120,88.0,20.0,"[17, 3108, 91, 105, 90, 103, 103, 392, 106, 90, 91, 107, 101, 89, 88, 360, 92, 91, 100, 755]","[1697462608352, 1697462611460, 1697462611551, 1697462611656, 1697462611746, 1697462611849, 1697462611952, 1697462612344, 1697462612450, 1697462612540, 1697462612631, 1697462612738, 1697462612839, 1697462612928, 1697462613016, 1697462613376, 1697462613468, 1697462613559, 1697462613659, 1697462614414]"
6,427,0,[],200,EleutherAI/gpt-neox-20b,32,1,3411.0,1.0,4,T4,1697462608335,1697462611746.0,120,58.0,5.0,"[13, 3111, 92, 105, 90]","[1697462608348, 1697462611459, 1697462611551, 1697462611656, 1697462611746]"
7,339,0,[],200,EleutherAI/gpt-neox-20b,32,1,6080.0,1.0,4,T4,1697462608335,1697462614415.0,120,87.0,20.0,"[37, 3087, 92, 105, 90, 103, 103, 392, 106, 90, 91, 107, 101, 89, 88, 360, 92, 91, 101, 754]","[1697462608372, 1697462611459, 1697462611551, 1697462611656, 1697462611746, 1697462611849, 1697462611952, 1697462612344, 1697462612450, 1697462612540, 1697462612631, 1697462612738, 1697462612839, 1697462612928, 1697462613016, 1697462613376, 1697462613468, 1697462613559, 1697462613660, 1697462614414]"
8,591,0,[],200,EleutherAI/gpt-neox-20b,32,1,11036.0,1.0,4,T4,1697462608335,1697462619371.0,120,874.0,47.0,"[34, 3090, 92, 105, 90, 103, 103, 392, 106, 90, 92, 106, 102, 88, 88, 360, 93, 90, 101, 754, 90, 74, 939, 92, 90, 89, 93, 183, 568, 106, 91, 99, 102, 680, 94, 95, 99, 97, 107, 93, 106, 501, 94, 94, 93, 93, 94]","[1697462608369, 1697462611459, 1697462611551, 1697462611656, 1697462611746, 1697462611849, 1697462611952, 1697462612344, 1697462612450, 1697462612540, 1697462612632, 1697462612738, 1697462612840, 1697462612928, 1697462613016, 1697462613376, 1697462613469, 1697462613559, 1697462613660, 1697462614414, 1697462614504, 1697462614578, 1697462615517, 1697462615609, 1697462615699, 1697462615788, 1697462615881, 1697462616064, 1697462616632, 1697462616738, 1697462616829, 1697462616928, 1697462617030, 1697462617710, 1697462617804, 1697462617899, 1697462617998, 1697462618095, 1697462618202, 1697462618295, 1697462618401, 1697462618902, 1697462618996, 1697462619090, 1697462619183, 1697462619276, 1697462619370]"
9,158,0,[],200,EleutherAI/gpt-neox-20b,32,1,6080.0,1.0,4,T4,1697462608335,1697462614415.0,120,85.0,20.0,"[39, 3085, 92, 105, 90, 103, 103, 392, 106, 90, 91, 107, 101, 89, 88, 360, 92, 91, 101, 754]","[1697462608374, 1697462611459, 1697462611551, 1697462611656, 1697462611746, 1697462611849, 1697462611952, 1697462612344, 1697462612450, 1697462612540, 1697462612631, 1697462612738, 1697462612839, 1697462612928, 1697462613016, 1697462613376, 1697462613468, 1697462613559, 1697462613660, 1697462614414]"
10,501,1,[],200,EleutherAI/gpt-neox-20b,32,1,998.0,1.0,4,T4,1697462614420,1697462615418.0,120,19.0,1.0,"[17, 981]","[1697462614437, 1697462615418]"
11,563,0,[],200,EleutherAI/gpt-neox-20b,32,1,5225.0,1.0,4,T4,1697462608335,1697462613560.0,120,874.0,18.0,"[46, 3079, 91, 105, 90, 103, 103, 392, 106, 90, 91, 107, 102, 88, 88, 360, 92, 91]","[1697462608381, 1697462611460, 1697462611551, 1697462611656, 1697462611746, 1697462611849, 1697462611952, 1697462612344, 1697462612450, 1697462612540, 1697462612631, 1697462612738, 1697462612840, 1697462612928, 1697462613016, 1697462613376, 1697462613468, 1697462613559]"
12,258,0,[],200,EleutherAI/gpt-neox-20b,32,1,12337.0,1.0,4,T4,1697462608335,1697462620672.0,120,244.0,50.0,"[64, 3061, 91, 105, 90, 103, 103, 392, 106, 90, 92, 106, 102, 88, 88, 360, 92, 91, 101, 754, 90, 74, 938, 93, 90, 89, 93, 183, 568, 106, 91, 99, 103, 679, 94, 95, 98, 98, 107, 93, 106, 501, 94, 94, 93, 93, 94, 1117, 93, 92]","[1697462608399, 1697462611460, 1697462611551, 1697462611656, 1697462611746, 1697462611849, 1697462611952, 1697462612344, 1697462612450, 1697462612540, 1697462612632, 1697462612738, 1697462612840, 1697462612928, 1697462613016, 1697462613376, 1697462613468, 1697462613559, 1697462613660, 1697462614414, 1697462614504, 1697462614578, 1697462615516, 1697462615609, 1697462615699, 1697462615788, 1697462615881, 1697462616064, 1697462616632, 1697462616738, 1697462616829, 1697462616928, 1697462617031, 1697462617710, 1697462617804, 1697462617899, 1697462617997, 1697462618095, 1697462618202, 1697462618295, 1697462618401, 1697462618902, 1697462618996, 1697462619090, 1697462619183, 1697462619276, 1697462619370, 1697462620487, 1697462620580, 1697462620672]"
13,879,0,[],200,EleutherAI/gpt-neox-20b,32,1,13244.0,1.0,4,T4,1697462608335,1697462621579.0,120,39.0,55.0,"[27, 3097, 92, 105, 90, 103, 103, 392, 106, 90, 91, 107, 101, 89, 88, 360, 93, 90, 101, 754, 90, 74, 938, 93, 90, 89, 92, 184, 568, 106, 91, 99, 103, 679, 94, 95, 99, 97, 107, 93, 106, 501, 94, 94, 93, 93, 94, 1117, 93, 92, 104, 90, 528, 93, 92]","[1697462608362, 1697462611459, 1697462611551, 1697462611656, 1697462611746, 1697462611849, 1697462611952, 1697462612344, 1697462612450, 1697462612540, 1697462612631, 1697462612738, 1697462612839, 1697462612928, 1697462613016, 1697462613376, 1697462613469, 1697462613559, 1697462613660, 1697462614414, 1697462614504, 1697462614578, 1697462615516, 1697462615609, 1697462615699, 1697462615788, 1697462615880, 1697462616064, 1697462616632, 1697462616738, 1697462616829, 1697462616928, 1697462617031, 1697462617710, 1697462617804, 1697462617899, 1697462617998, 1697462618095, 1697462618202, 1697462618295, 1697462618401, 1697462618902, 1697462618996, 1697462619090, 1697462619183, 1697462619276, 1697462619370, 1697462620487, 1697462620580, 1697462620672, 1697462620776, 1697462620866, 1697462621394, 1697462621487, 1697462621579]"
14,39,0,[],200,EleutherAI/gpt-neox-20b,32,1,3015.0,1.0,4,T4,1697462608335,1697462611350.0,120,8.0,1.0,"[12, 3002]","[1697462608347, 1697462611349]"
15,908,1,[],200,EleutherAI/gpt-neox-20b,32,1,10332.0,1.0,4,T4,1697462611353,1697462621685.0,120,6.0,50.0,"[28, 963, 106, 90, 91, 107, 101, 89, 88, 360, 92, 91, 101, 754, 90, 74, 938, 93, 90, 89, 93, 183, 568, 106, 91, 99, 103, 679, 94, 95, 99, 97, 107, 93, 106, 501, 94, 94, 93, 93, 94, 1117, 93, 92, 105, 89, 529, 92, 92, 105]","[1697462611381, 1697462612344, 1697462612450, 1697462612540, 1697462612631, 1697462612738, 1697462612839, 1697462612928, 1697462613016, 1697462613376, 1697462613468, 1697462613559, 1697462613660, 1697462614414, 1697462614504, 1697462614578, 1697462615516, 1697462615609, 1697462615699, 1697462615788, 1697462615881, 1697462616064, 1697462616632, 1697462616738, 1697462616829, 1697462616928, 1697462617031, 1697462617710, 1697462617804, 1697462617899, 1697462617998, 1697462618095, 1697462618202, 1697462618295, 1697462618401, 1697462618902, 1697462618996, 1697462619090, 1697462619183, 1697462619276, 1697462619370, 1697462620487, 1697462620580, 1697462620672, 1697462620777, 1697462620866, 1697462621395, 1697462621487, 1697462621579, 1697462621684]"
16,13,0,[],200,EleutherAI/gpt-neox-20b,32,1,6080.0,1.0,4,T4,1697462608335,1697462614415.0,120,90.0,20.0,"[43, 3082, 91, 105, 90, 103, 103, 392, 106, 90, 92, 106, 101, 89, 88, 360, 92, 91, 100, 755]","[1697462608378, 1697462611460, 1697462611551, 1697462611656, 1697462611746, 1697462611849, 1697462611952, 1697462612344, 1697462612450, 1697462612540, 1697462612632, 1697462612738, 1697462612839, 1697462612928, 1697462613016, 1697462613376, 1697462613468, 1697462613559, 1697462613659, 1697462614414]"
17,395,1,[],200,EleutherAI/gpt-neox-20b,32,1,4838.0,1.0,4,T4,1697462613563,1697462618401.0,120,88.0,20.0,"[12, 1942, 92, 90, 89, 93, 183, 568, 106, 91, 99, 103, 679, 94, 95, 99, 98, 106, 93, 106]","[1697462613575, 1697462615517, 1697462615609, 1697462615699, 1697462615788, 1697462615881, 1697462616064, 1697462616632, 1697462616738, 1697462616829, 1697462616928, 1697462617031, 1697462617710, 1697462617804, 1697462617899, 1697462617998, 1697462618096, 1697462618202, 1697462618295, 1697462618401]"
18,216,2,[],200,EleutherAI/gpt-neox-20b,32,1,5983.0,1.0,4,T4,1697462618404,1697462624387.0,120,91.0,20.0,"[14, 2069, 93, 92, 105, 89, 528, 93, 92, 105, 384, 91, 104, 89, 526, 89, 89, 527, 99, 705]","[1697462618418, 1697462620487, 1697462620580, 1697462620672, 1697462620777, 1697462620866, 1697462621394, 1697462621487, 1697462621579, 1697462621684, 1697462622068, 1697462622159, 1697462622263, 1697462622352, 1697462622878, 1697462622967, 1697462623056, 1697462623583, 1697462623682, 1697462624387]"
19,773,1,[],200,EleutherAI/gpt-neox-20b,32,1,4950.0,1.0,4,T4,1697462614421,1697462619371.0,120,90.0,20.0,"[17, 2194, 106, 91, 99, 103, 678, 95, 95, 99, 97, 107, 93, 106, 501, 94, 94, 93, 93, 94]","[1697462614438, 1697462616632, 1697462616738, 1697462616829, 1697462616928, 1697462617031, 1697462617709, 1697462617804, 1697462617899, 1697462617998, 1697462618095, 1697462618202, 1697462618295, 1697462618401, 1697462618902, 1697462618996, 1697462619090, 1697462619183, 1697462619276, 1697462619370]"
20,202,0,[],200,EleutherAI/gpt-neox-20b,32,1,17469.0,1.0,4,T4,1697462608336,1697462625805.0,120,874.0,72.0,"[46, 3078, 91, 105, 90, 103, 103, 392, 106, 90, 91, 107, 101, 89, 88, 360, 92, 91, 101, 754, 90, 74, 938, 93, 90, 89, 93, 183, 568, 106, 91, 99, 103, 679, 94, 95, 99, 97, 107, 93, 106, 501, 94, 94, 93, 93, 94, 1117, 93, 92, 104, 90, 528, 93, 92, 105, 384, 91, 104, 89, 525, 90, 89, 527, 99, 705, 103, 91, 102, 87, 86, 949]","[1697462608382, 1697462611460, 1697462611551, 1697462611656, 1697462611746, 1697462611849, 1697462611952, 1697462612344, 1697462612450, 1697462612540, 1697462612631, 1697462612738, 1697462612839, 1697462612928, 1697462613016, 1697462613376, 1697462613468, 1697462613559, 1697462613660, 1697462614414, 1697462614504, 1697462614578, 1697462615516, 1697462615609, 1697462615699, 1697462615788, 1697462615881, 1697462616064, 1697462616632, 1697462616738, 1697462616829, 1697462616928, 1697462617031, 1697462617710, 1697462617804, 1697462617899, 1697462617998, 1697462618095, 1697462618202, 1697462618295, 1697462618401, 1697462618902, 1697462618996, 1697462619090, 1697462619183, 1697462619276, 1697462619370, 1697462620487, 1697462620580, 1697462620672, 1697462620776, 1697462620866, 1697462621394, 1697462621487, 1697462621579, 1697462621684, 1697462622068, 1697462622159, 1697462622263, 1697462622352, 1697462622877, 1697462622967, 1697462623056, 1697462623583, 1697462623682, 1697462624387, 1697462624490, 1697462624581, 1697462624683, 1697462624770, 1697462624856, 1697462625805]"
21,231,0,[],200,EleutherAI/gpt-neox-20b,32,1,3014.0,1.0,4,T4,1697462608336,1697462611350.0,120,13.0,1.0,"[67, 2946]","[1697462608403, 1697462611349]"
22,67,1,[],200,EleutherAI/gpt-neox-20b,32,1,79380.0,1.0,4,T4,1697462611359,1697462690739.0,120,140.0,381.0,"[26, 3029, 90, 74, 939, 92, 90, 89, 93, 183, 568, 106, 91, 99, 103, 679, 94, 95, 99, 97, 107, 93, 106, 501, 94, 94, 93, 93, 94, 1117, 93, 92, 105, 89, 528, 93, 92, 105, 384, 91, 104, 89, 525, 90, 89, 527, 99, 705, 103, 91, 102, 87, 86, 949, 708, 92, 107, 105, 85, 85, 922, 111, 93, 104, 101, 88, 915, 95, 93, 106, 103, 102, 653, 96, 84, 84, 952, 108, 102, 96, 1062, 112, 98, 111, 106, 104, 893, 105, 91, 104, 91, 976, 97, 107, 104, 101, 801, 95, 95, 106, 93, 91, 92, 103, 474, 109, 92, 101, 87, 88, 1599, 103, 89, 89, 89, 384, 108, 95, 89, 91, 100, 89, 91, 914, 109, 92, 92, 92, 92, 308, 92, 103, 815, 95, 107, 102, 89, 88, 90, 1022, 95, 96, 104, 89, 103, 671, 93, 93, 94, 93, 104, 928, 103, 97, 86, 1117, 96, 96, 109, 107, 103, 464, 96, 100, 97, 916, 101, 110, 98, 97, 102, 930, 109, 105, 100, 87, 1262, 105, 104, 91, 1293, 109, 108, 94, 98, 1149, 98, 98, 98, 113, 108, 93, 95, 769, 114, 110, 95, 94, 106, 476, 90, 100, 88, 87, 1172, 104, 100, 1024, 110, 96, 97, 108, 107, 92, 91, 608, 99, 97, 97, 110, 108, 94, 383, 104, 805, 96, 107, 89, 90, 89, 89, 91, 564, 542, 106, 197, 92, 91, 87, 101, 87, 88, 88, 88, 90, 88, 88, 90, 98, 84, 82, 82, 846, 154, 84, 84, 84, 84, 97, 83, 83, 85, 90, 87, 83, 191, 83, 83, 270, 86, 214, 98, 79, 79, 79, 79, 78, 79, 79, 93, 80, 79, 83, 81, 80, 79, 79, 79, 79, 504, 192, 95, 81, 81, 82, 79, 81, 80, 81, 84, 90, 672, 86, 96, 82, 84, 82, 82, 82, 82, 82, 83, 219, 517, 83, 83, 82, 83, 85, 87, 253, 82, 84, 82, 80, 720, 298, 89, 89, 90, 96, 95, 81, 453, 480, 81, 82, 81, 82, 668, 90, 89, 89, 96, 251, 99, 83, 83, 88, 80, 794, 89, 99, 82, 88, 89, 89, 88, 373, 97, 394, 104, 88, 911, 99, 753, 96, 95, 96, 106, 91, 101, 88, 88, 89, 88, 92, 736, 90, 94, 497]","[1697462611385, 1697462614414, 1697462614504, 1697462614578, 1697462615517, 1697462615609, 1697462615699, 1697462615788, 1697462615881, 1697462616064, 1697462616632, 1697462616738, 1697462616829, 1697462616928, 1697462617031, 1697462617710, 1697462617804, 1697462617899, 1697462617998, 1697462618095, 1697462618202, 1697462618295, 1697462618401, 1697462618902, 1697462618996, 1697462619090, 1697462619183, 1697462619276, 1697462619370, 1697462620487, 1697462620580, 1697462620672, 1697462620777, 1697462620866, 1697462621394, 1697462621487, 1697462621579, 1697462621684, 1697462622068, 1697462622159, 1697462622263, 1697462622352, 1697462622877, 1697462622967, 1697462623056, 1697462623583, 1697462623682, 1697462624387, 1697462624490, 1697462624581, 1697462624683, 1697462624770, 1697462624856, 1697462625805, 1697462626513, 1697462626605, 1697462626712, 1697462626817, 1697462626902, 1697462626987, 1697462627909, 1697462628020, 1697462628113, 1697462628217, 1697462628318, 1697462628406, 1697462629321, 1697462629416, 1697462629509, 1697462629615, 1697462629718, 1697462629820, 1697462630473, 1697462630569, 1697462630653, 1697462630737, 1697462631689, 1697462631797, 1697462631899, 1697462631995, 1697462633057, 1697462633169, 1697462633267, 1697462633378, 1697462633484, 1697462633588, 1697462634481, 1697462634586, 1697462634677, 1697462634781, 1697462634872, 1697462635848, 1697462635945, 1697462636052, 1697462636156, 1697462636257, 1697462637058, 1697462637153, 1697462637248, 1697462637354, 1697462637447, 1697462637538, 1697462637630, 1697462637733, 1697462638207, 1697462638316, 1697462638408, 1697462638509, 1697462638596, 1697462638684, 1697462640283, 1697462640386, 1697462640475, 1697462640564, 1697462640653, 1697462641037, 1697462641145, 1697462641240, 1697462641329, 1697462641420, 1697462641520, 1697462641609, 1697462641700, 1697462642614, 1697462642723, 1697462642815, 1697462642907, 1697462642999, 1697462643091, 1697462643399, 1697462643491, 1697462643594, 1697462644409, 1697462644504, 1697462644611, 1697462644713, 1697462644802, 1697462644890, 1697462644980, 1697462646002, 1697462646097, 1697462646193, 1697462646297, 1697462646386, 1697462646489, 1697462647160, 1697462647253, 1697462647346, 1697462647440, 1697462647533, 1697462647637, 1697462648565, 1697462648668, 1697462648765, 1697462648851, 1697462649968, 1697462650064, 1697462650160, 1697462650269, 1697462650376, 1697462650479, 1697462650943, 1697462651039, 1697462651139, 1697462651236, 1697462652152, 1697462652253, 1697462652363, 1697462652461, 1697462652558, 1697462652660, 1697462653590, 1697462653699, 1697462653804, 1697462653904, 1697462653991, 1697462655253, 1697462655358, 1697462655462, 1697462655553, 1697462656846, 1697462656955, 1697462657063, 1697462657157, 1697462657255, 1697462658404, 1697462658502, 1697462658600, 1697462658698, 1697462658811, 1697462658919, 1697462659012, 1697462659107, 1697462659876, 1697462659990, 1697462660100, 1697462660195, 1697462660289, 1697462660395, 1697462660871, 1697462660961, 1697462661061, 1697462661149, 1697462661236, 1697462662408, 1697462662512, 1697462662612, 1697462663636, 1697462663746, 1697462663842, 1697462663939, 1697462664047, 1697462664154, 1697462664246, 1697462664337, 1697462664945, 1697462665044, 1697462665141, 1697462665238, 1697462665348, 1697462665456, 1697462665550, 1697462665933, 1697462666037, 1697462666842, 1697462666938, 1697462667045, 1697462667134, 1697462667224, 1697462667313, 1697462667402, 1697462667493, 1697462668057, 1697462668599, 1697462668705, 1697462668902, 1697462668994, 1697462669085, 1697462669172, 1697462669273, 1697462669360, 1697462669448, 1697462669536, 1697462669624, 1697462669714, 1697462669802, 1697462669890, 1697462669980, 1697462670078, 1697462670162, 1697462670244, 1697462670326, 1697462671172, 1697462671326, 1697462671410, 1697462671494, 1697462671578, 1697462671662, 1697462671759, 1697462671842, 1697462671925, 1697462672010, 1697462672100, 1697462672187, 1697462672270, 1697462672461, 1697462672544, 1697462672627, 1697462672897, 1697462672983, 1697462673197, 1697462673295, 1697462673374, 1697462673453, 1697462673532, 1697462673611, 1697462673689, 1697462673768, 1697462673847, 1697462673940, 1697462674020, 1697462674099, 1697462674182, 1697462674263, 1697462674343, 1697462674422, 1697462674501, 1697462674580, 1697462674659, 1697462675163, 1697462675355, 1697462675450, 1697462675531, 1697462675612, 1697462675694, 1697462675773, 1697462675854, 1697462675934, 1697462676015, 1697462676099, 1697462676189, 1697462676861, 1697462676947, 1697462677043, 1697462677125, 1697462677209, 1697462677291, 1697462677373, 1697462677455, 1697462677537, 1697462677619, 1697462677702, 1697462677921, 1697462678438, 1697462678521, 1697462678604, 1697462678686, 1697462678769, 1697462678854, 1697462678941, 1697462679194, 1697462679276, 1697462679360, 1697462679442, 1697462679522, 1697462680242, 1697462680540, 1697462680629, 1697462680718, 1697462680808, 1697462680904, 1697462680999, 1697462681080, 1697462681533, 1697462682013, 1697462682094, 1697462682176, 1697462682257, 1697462682339, 1697462683007, 1697462683097, 1697462683186, 1697462683275, 1697462683371, 1697462683622, 1697462683721, 1697462683804, 1697462683887, 1697462683975, 1697462684055, 1697462684849, 1697462684938, 1697462685037, 1697462685119, 1697462685207, 1697462685296, 1697462685385, 1697462685473, 1697462685846, 1697462685943, 1697462686337, 1697462686441, 1697462686529, 1697462687440, 1697462687539, 1697462688292, 1697462688388, 1697462688483, 1697462688579, 1697462688685, 1697462688776, 1697462688877, 1697462688965, 1697462689053, 1697462689142, 1697462689230, 1697462689322, 1697462690058, 1697462690148, 1697462690242, 1697462690739]"
23,711,2,[],200,EleutherAI/gpt-neox-20b,32,1,3684.0,1.0,4,T4,1697462619373,1697462623057.0,120,457.0,4.0,"[16, 3489, 89, 89]","[1697462619389, 1697462622878, 1697462622967, 1697462623056]"
24,543,3,[],200,EleutherAI/gpt-neox-20b,32,1,77344.0,1.0,4,T4,1697462623064,1697462700408.0,120,244.0,381.0,"[14, 3436, 91, 107, 105, 85, 85, 922, 111, 93, 104, 101, 88, 915, 95, 93, 106, 103, 102, 653, 96, 84, 84, 953, 107, 102, 97, 1061, 113, 97, 110, 107, 104, 893, 105, 91, 104, 91, 977, 96, 107, 104, 101, 801, 95, 95, 106, 93, 91, 92, 103, 474, 109, 92, 101, 87, 88, 1599, 103, 89, 89, 89, 384, 108, 95, 89, 92, 99, 89, 91, 915, 108, 92, 92, 92, 92, 308, 91, 105, 814, 95, 107, 102, 89, 89, 89, 1022, 95, 96, 104, 90, 102, 671, 93, 93, 94, 94, 103, 928, 102, 98, 86, 1117, 96, 96, 109, 107, 104, 463, 96, 100, 97, 917, 100, 110, 98, 97, 102, 930, 109, 105, 100, 87, 1262, 105, 104, 91, 1293, 109, 108, 94, 98, 1149, 98, 98, 98, 113, 108, 94, 94, 769, 114, 110, 95, 94, 105, 477, 90, 100, 88, 87, 1172, 104, 100, 1024, 110, 97, 96, 108, 107, 93, 90, 608, 99, 97, 97, 110, 108, 93, 384, 104, 806, 95, 107, 89, 90, 89, 90, 89, 565, 542, 106, 197, 92, 91, 88, 100, 87, 88, 88, 88, 90, 88, 88, 90, 98, 84, 82, 82, 845, 155, 84, 84, 84, 83, 98, 83, 83, 85, 90, 87, 83, 191, 83, 83, 270, 86, 214, 98, 79, 79, 79, 79, 78, 79, 79, 93, 80, 79, 83, 81, 80, 80, 78, 79, 79, 504, 193, 95, 80, 81, 82, 79, 81, 80, 81, 84, 89, 673, 86, 96, 82, 84, 82, 82, 82, 82, 82, 83, 219, 517, 83, 83, 82, 83, 85, 87, 253, 82, 84, 82, 80, 720, 298, 89, 89, 90, 97, 94, 82, 452, 480, 81, 82, 81, 82, 668, 90, 89, 89, 96, 251, 99, 82, 84, 88, 80, 794, 89, 99, 82, 88, 89, 89, 88, 373, 97, 394, 104, 88, 911, 99, 753, 96, 95, 96, 106, 91, 101, 88, 88, 89, 90, 90, 736, 90, 94, 497, 101, 94, 700, 106, 92, 92, 94, 91, 92, 92, 235, 96, 102, 87, 99, 87, 766, 93, 107, 91, 91, 503, 104, 89, 89, 93, 799, 105, 91, 103, 92, 271, 105, 102, 94, 79, 893, 106, 92, 92, 102, 413, 96, 107, 309, 104, 614, 96, 108, 110, 99, 94, 107]","[1697462623078, 1697462626514, 1697462626605, 1697462626712, 1697462626817, 1697462626902, 1697462626987, 1697462627909, 1697462628020, 1697462628113, 1697462628217, 1697462628318, 1697462628406, 1697462629321, 1697462629416, 1697462629509, 1697462629615, 1697462629718, 1697462629820, 1697462630473, 1697462630569, 1697462630653, 1697462630737, 1697462631690, 1697462631797, 1697462631899, 1697462631996, 1697462633057, 1697462633170, 1697462633267, 1697462633377, 1697462633484, 1697462633588, 1697462634481, 1697462634586, 1697462634677, 1697462634781, 1697462634872, 1697462635849, 1697462635945, 1697462636052, 1697462636156, 1697462636257, 1697462637058, 1697462637153, 1697462637248, 1697462637354, 1697462637447, 1697462637538, 1697462637630, 1697462637733, 1697462638207, 1697462638316, 1697462638408, 1697462638509, 1697462638596, 1697462638684, 1697462640283, 1697462640386, 1697462640475, 1697462640564, 1697462640653, 1697462641037, 1697462641145, 1697462641240, 1697462641329, 1697462641421, 1697462641520, 1697462641609, 1697462641700, 1697462642615, 1697462642723, 1697462642815, 1697462642907, 1697462642999, 1697462643091, 1697462643399, 1697462643490, 1697462643595, 1697462644409, 1697462644504, 1697462644611, 1697462644713, 1697462644802, 1697462644891, 1697462644980, 1697462646002, 1697462646097, 1697462646193, 1697462646297, 1697462646387, 1697462646489, 1697462647160, 1697462647253, 1697462647346, 1697462647440, 1697462647534, 1697462647637, 1697462648565, 1697462648667, 1697462648765, 1697462648851, 1697462649968, 1697462650064, 1697462650160, 1697462650269, 1697462650376, 1697462650480, 1697462650943, 1697462651039, 1697462651139, 1697462651236, 1697462652153, 1697462652253, 1697462652363, 1697462652461, 1697462652558, 1697462652660, 1697462653590, 1697462653699, 1697462653804, 1697462653904, 1697462653991, 1697462655253, 1697462655358, 1697462655462, 1697462655553, 1697462656846, 1697462656955, 1697462657063, 1697462657157, 1697462657255, 1697462658404, 1697462658502, 1697462658600, 1697462658698, 1697462658811, 1697462658919, 1697462659013, 1697462659107, 1697462659876, 1697462659990, 1697462660100, 1697462660195, 1697462660289, 1697462660394, 1697462660871, 1697462660961, 1697462661061, 1697462661149, 1697462661236, 1697462662408, 1697462662512, 1697462662612, 1697462663636, 1697462663746, 1697462663843, 1697462663939, 1697462664047, 1697462664154, 1697462664247, 1697462664337, 1697462664945, 1697462665044, 1697462665141, 1697462665238, 1697462665348, 1697462665456, 1697462665549, 1697462665933, 1697462666037, 1697462666843, 1697462666938, 1697462667045, 1697462667134, 1697462667224, 1697462667313, 1697462667403, 1697462667492, 1697462668057, 1697462668599, 1697462668705, 1697462668902, 1697462668994, 1697462669085, 1697462669173, 1697462669273, 1697462669360, 1697462669448, 1697462669536, 1697462669624, 1697462669714, 1697462669802, 1697462669890, 1697462669980, 1697462670078, 1697462670162, 1697462670244, 1697462670326, 1697462671171, 1697462671326, 1697462671410, 1697462671494, 1697462671578, 1697462671661, 1697462671759, 1697462671842, 1697462671925, 1697462672010, 1697462672100, 1697462672187, 1697462672270, 1697462672461, 1697462672544, 1697462672627, 1697462672897, 1697462672983, 1697462673197, 1697462673295, 1697462673374, 1697462673453, 1697462673532, 1697462673611, 1697462673689, 1697462673768, 1697462673847, 1697462673940, 1697462674020, 1697462674099, 1697462674182, 1697462674263, 1697462674343, 1697462674423, 1697462674501, 1697462674580, 1697462674659, 1697462675163, 1697462675356, 1697462675451, 1697462675531, 1697462675612, 1697462675694, 1697462675773, 1697462675854, 1697462675934, 1697462676015, 1697462676099, 1697462676188, 1697462676861, 1697462676947, 1697462677043, 1697462677125, 1697462677209, 1697462677291, 1697462677373, 1697462677455, 1697462677537, 1697462677619, 1697462677702, 1697462677921, 1697462678438, 1697462678521, 1697462678604, 1697462678686, 1697462678769, 1697462678854, 1697462678941, 1697462679194, 1697462679276, 1697462679360, 1697462679442, 1697462679522, 1697462680242, 1697462680540, 1697462680629, 1697462680718, 1697462680808, 1697462680905, 1697462680999, 1697462681081, 1697462681533, 1697462682013, 1697462682094, 1697462682176, 1697462682257, 1697462682339, 1697462683007, 1697462683097, 1697462683186, 1697462683275, 1697462683371, 1697462683622, 1697462683721, 1697462683803, 1697462683887, 1697462683975, 1697462684055, 1697462684849, 1697462684938, 1697462685037, 1697462685119, 1697462685207, 1697462685296, 1697462685385, 1697462685473, 1697462685846, 1697462685943, 1697462686337, 1697462686441, 1697462686529, 1697462687440, 1697462687539, 1697462688292, 1697462688388, 1697462688483, 1697462688579, 1697462688685, 1697462688776, 1697462688877, 1697462688965, 1697462689053, 1697462689142, 1697462689232, 1697462689322, 1697462690058, 1697462690148, 1697462690242, 1697462690739, 1697462690840, 1697462690934, 1697462691634, 1697462691740, 1697462691832, 1697462691924, 1697462692018, 1697462692109, 1697462692201, 1697462692293, 1697462692528, 1697462692624, 1697462692726, 1697462692813, 1697462692912, 1697462692999, 1697462693765, 1697462693858, 1697462693965, 1697462694056, 1697462694147, 1697462694650, 1697462694754, 1697462694843, 1697462694932, 1697462695025, 1697462695824, 1697462695929, 1697462696020, 1697462696123, 1697462696215, 1697462696486, 1697462696591, 1697462696693, 1697462696787, 1697462696866, 1697462697759, 1697462697865, 1697462697957, 1697462698049, 1697462698151, 1697462698564, 1697462698660, 1697462698767, 1697462699076, 1697462699180, 1697462699794, 1697462699890, 1697462699998, 1697462700108, 1697462700207, 1697462700301, 1697462700408]"
25,536,0,[],200,EleutherAI/gpt-neox-20b,32,1,6080.0,1.0,4,T4,1697462608335,1697462614415.0,120,83.0,20.0,"[18, 3106, 92, 105, 90, 103, 103, 392, 106, 90, 92, 106, 101, 89, 88, 360, 93, 90, 101, 754]","[1697462608353, 1697462611459, 1697462611551, 1697462611656, 1697462611746, 1697462611849, 1697462611952, 1697462612344, 1697462612450, 1697462612540, 1697462612632, 1697462612738, 1697462612839, 1697462612928, 1697462613016, 1697462613376, 1697462613469, 1697462613559, 1697462613660, 1697462614414]"
26,858,0,[],200,EleutherAI/gpt-neox-20b,32,1,5221.0,1.0,4,T4,1697462608338,1697462613559.0,120,182.0,12.0,"[73, 3933, 106, 90, 91, 107, 102, 88, 88, 360, 93, 90]","[1697462608411, 1697462612344, 1697462612450, 1697462612540, 1697462612631, 1697462612738, 1697462612840, 1697462612928, 1697462613016, 1697462613376, 1697462613469, 1697462613559]"
27,69,0,[],200,EleutherAI/gpt-neox-20b,32,1,6080.0,1.0,4,T4,1697462608335,1697462614415.0,120,85.0,20.0,"[60, 3065, 91, 105, 90, 103, 103, 392, 106, 90, 92, 106, 101, 89, 88, 360, 92, 91, 101, 754]","[1697462608395, 1697462611460, 1697462611551, 1697462611656, 1697462611746, 1697462611849, 1697462611952, 1697462612344, 1697462612450, 1697462612540, 1697462612632, 1697462612738, 1697462612839, 1697462612928, 1697462613016, 1697462613376, 1697462613468, 1697462613559, 1697462613660, 1697462614414]"
28,231,0,[],200,EleutherAI/gpt-neox-20b,32,1,3015.0,1.0,4,T4,1697462608335,1697462611350.0,120,13.0,1.0,"[55, 2959]","[1697462608390, 1697462611349]"
29,746,1,[],200,EleutherAI/gpt-neox-20b,32,1,5576.0,1.0,4,T4,1697462611353,1697462616929.0,120,345.0,18.0,"[16, 2007, 92, 91, 101, 754, 90, 74, 938, 93, 90, 89, 93, 183, 568, 106, 91, 99]","[1697462611369, 1697462613376, 1697462613468, 1697462613559, 1697462613660, 1697462614414, 1697462614504, 1697462614578, 1697462615516, 1697462615609, 1697462615699, 1697462615788, 1697462615881, 1697462616064, 1697462616632, 1697462616738, 1697462616829, 1697462616928]"
30,343,0,[],200,EleutherAI/gpt-neox-20b,32,1,6079.0,1.0,4,T4,1697462608335,1697462614414.0,120,84.0,20.0,"[31, 3093, 92, 105, 90, 103, 103, 392, 106, 90, 91, 107, 102, 88, 88, 360, 92, 91, 101, 754]","[1697462608366, 1697462611459, 1697462611551, 1697462611656, 1697462611746, 1697462611849, 1697462611952, 1697462612344, 1697462612450, 1697462612540, 1697462612631, 1697462612738, 1697462612840, 1697462612928, 1697462613016, 1697462613376, 1697462613468, 1697462613559, 1697462613660, 1697462614414]"
31,609,0,[],200,EleutherAI/gpt-neox-20b,32,1,6077.0,1.0,4,T4,1697462608338,1697462614415.0,120,88.0,20.0,"[59, 3062, 92, 105, 90, 103, 103, 392, 106, 90, 92, 106, 102, 88, 88, 360, 92, 91, 101, 754]","[1697462608397, 1697462611459, 1697462611551, 1697462611656, 1697462611746, 1697462611849, 1697462611952, 1697462612344, 1697462612450, 1697462612540, 1697462612632, 1697462612738, 1697462612840, 1697462612928, 1697462613016, 1697462613376, 1697462613468, 1697462613559, 1697462613660, 1697462614414]"
32,357,1,[],200,EleutherAI/gpt-neox-20b,32,1,7932.0,1.0,4,T4,1697462614421,1697462622353.0,120,52.0,33.0,"[8, 2203, 106, 91, 99, 103, 679, 94, 95, 99, 98, 106, 93, 106, 501, 94, 94, 93, 93, 94, 1117, 93, 92, 105, 89, 529, 92, 92, 105, 384, 91, 104, 89]","[1697462614429, 1697462616632, 1697462616738, 1697462616829, 1697462616928, 1697462617031, 1697462617710, 1697462617804, 1697462617899, 1697462617998, 1697462618096, 1697462618202, 1697462618295, 1697462618401, 1697462618902, 1697462618996, 1697462619090, 1697462619183, 1697462619276, 1697462619370, 1697462620487, 1697462620580, 1697462620672, 1697462620777, 1697462620866, 1697462621395, 1697462621487, 1697462621579, 1697462621684, 1697462622068, 1697462622159, 1697462622263, 1697462622352]"
33,230,1,[],200,EleutherAI/gpt-neox-20b,32,1,1280.0,1.0,4,T4,1697462611352,1697462612632.0,120,86.0,5.0,"[17, 975, 106, 90, 92]","[1697462611369, 1697462612344, 1697462612450, 1697462612540, 1697462612632]"
34,507,0,[],200,EleutherAI/gpt-neox-20b,32,1,6079.0,1.0,4,T4,1697462608335,1697462614414.0,120,83.0,20.0,"[21, 3103, 92, 105, 90, 103, 103, 392, 106, 90, 91, 107, 101, 89, 88, 360, 93, 90, 101, 754]","[1697462608356, 1697462611459, 1697462611551, 1697462611656, 1697462611746, 1697462611849, 1697462611952, 1697462612344, 1697462612450, 1697462612540, 1697462612631, 1697462612738, 1697462612839, 1697462612928, 1697462613016, 1697462613376, 1697462613469, 1697462613559, 1697462613660, 1697462614414]"
35,805,1,[],200,EleutherAI/gpt-neox-20b,32,1,11294.0,1.0,4,T4,1697462613563,1697462624857.0,120,286.0,50.0,"[5, 1949, 92, 90, 89, 93, 183, 568, 106, 91, 99, 103, 678, 95, 95, 99, 98, 106, 93, 106, 501, 94, 94, 93, 93, 94, 1117, 93, 92, 104, 90, 529, 92, 92, 105, 384, 91, 104, 89, 526, 89, 89, 527, 99, 705, 103, 92, 101, 87, 87]","[1697462613568, 1697462615517, 1697462615609, 1697462615699, 1697462615788, 1697462615881, 1697462616064, 1697462616632, 1697462616738, 1697462616829, 1697462616928, 1697462617031, 1697462617709, 1697462617804, 1697462617899, 1697462617998, 1697462618096, 1697462618202, 1697462618295, 1697462618401, 1697462618902, 1697462618996, 1697462619090, 1697462619183, 1697462619276, 1697462619370, 1697462620487, 1697462620580, 1697462620672, 1697462620776, 1697462620866, 1697462621395, 1697462621487, 1697462621579, 1697462621684, 1697462622068, 1697462622159, 1697462622263, 1697462622352, 1697462622878, 1697462622967, 1697462623056, 1697462623583, 1697462623682, 1697462624387, 1697462624490, 1697462624582, 1697462624683, 1697462624770, 1697462624857]"
36,170,1,[],200,EleutherAI/gpt-neox-20b,32,1,4950.0,1.0,4,T4,1697462614421,1697462619371.0,120,335.0,15.0,"[29, 3259, 95, 95, 99, 98, 106, 93, 106, 501, 94, 94, 93, 93, 94]","[1697462614450, 1697462617709, 1697462617804, 1697462617899, 1697462617998, 1697462618096, 1697462618202, 1697462618295, 1697462618401, 1697462618902, 1697462618996, 1697462619090, 1697462619183, 1697462619276, 1697462619370]"
37,928,2,[],200,EleutherAI/gpt-neox-20b,32,1,1919.0,1.0,4,T4,1697462619375,1697462621294.0,120,20.0,1.0,"[22, 1896]","[1697462619397, 1697462621293]"
38,876,3,[],200,EleutherAI/gpt-neox-20b,32,1,1485.0,1.0,4,T4,1697462621297,1697462622782.0,120,11.0,1.0,"[16, 1469]","[1697462621313, 1697462622782]"
39,697,4,[],200,EleutherAI/gpt-neox-20b,32,1,5328.0,1.0,4,T4,1697462622785,1697462628113.0,120,123.0,10.0,"[17, 3711, 92, 107, 105, 85, 86, 921, 111, 93]","[1697462622802, 1697462626513, 1697462626605, 1697462626712, 1697462626817, 1697462626902, 1697462626988, 1697462627909, 1697462628020, 1697462628113]"
40,530,5,[],200,EleutherAI/gpt-neox-20b,32,1,1107.0,1.0,4,T4,1697462628117,1697462629224.0,120,26.0,1.0,"[16, 1091]","[1697462628133, 1697462629224]"
41,445,6,[],200,EleutherAI/gpt-neox-20b,32,1,1247.0,1.0,4,T4,1697462629227,1697462630474.0,120,457.0,2.0,"[15, 1231]","[1697462629242, 1697462630473]"
42,339,1,[],200,EleutherAI/gpt-neox-20b,32,1,4949.0,1.0,4,T4,1697462614421,1697462619370.0,120,87.0,20.0,"[12, 2199, 106, 91, 99, 103, 679, 94, 95, 99, 98, 106, 93, 106, 501, 94, 94, 93, 93, 94]","[1697462614433, 1697462616632, 1697462616738, 1697462616829, 1697462616928, 1697462617031, 1697462617710, 1697462617804, 1697462617899, 1697462617998, 1697462618096, 1697462618202, 1697462618295, 1697462618401, 1697462618902, 1697462618996, 1697462619090, 1697462619183, 1697462619276, 1697462619370]"
43,304,2,[],200,EleutherAI/gpt-neox-20b,32,1,7464.0,1.0,4,T4,1697462622356,1697462629820.0,120,86.0,20.0,"[12, 3437, 709, 91, 107, 105, 85, 86, 921, 111, 93, 104, 101, 88, 915, 95, 93, 106, 103, 102]","[1697462622368, 1697462625805, 1697462626514, 1697462626605, 1697462626712, 1697462626817, 1697462626902, 1697462626988, 1697462627909, 1697462628020, 1697462628113, 1697462628217, 1697462628318, 1697462628406, 1697462629321, 1697462629416, 1697462629509, 1697462629615, 1697462629718, 1697462629820]"
44,277,7,[],200,EleutherAI/gpt-neox-20b,32,1,1112.0,1.0,4,T4,1697462630478,1697462631590.0,120,18.0,1.0,"[16, 1095]","[1697462630494, 1697462631589]"
45,861,0,[],200,EleutherAI/gpt-neox-20b,32,1,3012.0,1.0,4,T4,1697462608338,1697462611350.0,120,10.0,1.0,"[68, 2943]","[1697462608406, 1697462611349]"
46,100,8,[],200,EleutherAI/gpt-neox-20b,32,1,4353.0,1.0,4,T4,1697462631593,1697462635946.0,120,732.0,14.0,"[20, 1444, 112, 98, 111, 106, 104, 893, 105, 91, 104, 91, 977, 97]","[1697462631613, 1697462633057, 1697462633169, 1697462633267, 1697462633378, 1697462633484, 1697462633588, 1697462634481, 1697462634586, 1697462634677, 1697462634781, 1697462634872, 1697462635849, 1697462635946]"
47,96,0,[],200,EleutherAI/gpt-neox-20b,32,1,3014.0,1.0,4,T4,1697462608336,1697462611350.0,120,31.0,1.0,"[41, 2972]","[1697462608377, 1697462611349]"
48,37,1,[],200,EleutherAI/gpt-neox-20b,32,1,886.0,1.0,4,T4,1697462611354,1697462612240.0,120,20.0,1.0,"[24, 862]","[1697462611378, 1697462612240]"
49,61,1,[],200,EleutherAI/gpt-neox-20b,32,1,887.0,1.0,4,T4,1697462611353,1697462612240.0,120,9.0,1.0,"[20, 867]","[1697462611373, 1697462612240]"
50,175,0,[],200,EleutherAI/gpt-neox-20b,32,1,4009.0,1.0,4,T4,1697462608335,1697462612344.0,120,140.0,8.0,"[35, 3089, 92, 105, 90, 103, 103, 392]","[1697462608370, 1697462611459, 1697462611551, 1697462611656, 1697462611746, 1697462611849, 1697462611952, 1697462612344]"
51,791,2,[],200,EleutherAI/gpt-neox-20b,32,1,15973.0,1.0,4,T4,1697462612244,1697462628217.0,120,182.0,64.0,"[16, 2154, 90, 74, 939, 92, 90, 89, 93, 183, 568, 106, 91, 99, 103, 679, 94, 95, 99, 97, 107, 93, 106, 501, 94, 94, 93, 93, 94, 1117, 93, 92, 104, 90, 528, 93, 92, 105, 384, 91, 104, 89, 526, 89, 89, 527, 99, 705, 103, 92, 101, 87, 86, 949, 709, 91, 107, 105, 85, 85, 922, 111, 93, 104]","[1697462612260, 1697462614414, 1697462614504, 1697462614578, 1697462615517, 1697462615609, 1697462615699, 1697462615788, 1697462615881, 1697462616064, 1697462616632, 1697462616738, 1697462616829, 1697462616928, 1697462617031, 1697462617710, 1697462617804, 1697462617899, 1697462617998, 1697462618095, 1697462618202, 1697462618295, 1697462618401, 1697462618902, 1697462618996, 1697462619090, 1697462619183, 1697462619276, 1697462619370, 1697462620487, 1697462620580, 1697462620672, 1697462620776, 1697462620866, 1697462621394, 1697462621487, 1697462621579, 1697462621684, 1697462622068, 1697462622159, 1697462622263, 1697462622352, 1697462622878, 1697462622967, 1697462623056, 1697462623583, 1697462623682, 1697462624387, 1697462624490, 1697462624582, 1697462624683, 1697462624770, 1697462624856, 1697462625805, 1697462626514, 1697462626605, 1697462626712, 1697462626817, 1697462626902, 1697462626987, 1697462627909, 1697462628020, 1697462628113, 1697462628217]"
52,818,2,[],200,EleutherAI/gpt-neox-20b,32,1,1033.0,1.0,4,T4,1697462612242,1697462613275.0,120,13.0,1.0,"[13, 1020]","[1697462612255, 1697462613275]"
53,7,1,[],200,EleutherAI/gpt-neox-20b,32,1,4582.0,1.0,4,T4,1697462612347,1697462616929.0,120,345.0,11.0,"[15, 3154, 93, 90, 89, 93, 183, 568, 106, 91, 99]","[1697462612362, 1697462615516, 1697462615609, 1697462615699, 1697462615788, 1697462615881, 1697462616064, 1697462616632, 1697462616738, 1697462616829, 1697462616928]"
54,763,3,[],200,EleutherAI/gpt-neox-20b,32,1,1032.0,1.0,4,T4,1697462613279,1697462614311.0,120,20.0,1.0,"[12, 1020]","[1697462613291, 1697462614311]"
55,596,4,[],200,EleutherAI/gpt-neox-20b,32,1,5056.0,1.0,4,T4,1697462614314,1697462619370.0,120,87.0,20.0,"[15, 2303, 106, 91, 99, 103, 679, 94, 95, 99, 97, 107, 93, 106, 502, 93, 94, 93, 93, 94]","[1697462614329, 1697462616632, 1697462616738, 1697462616829, 1697462616928, 1697462617031, 1697462617710, 1697462617804, 1697462617899, 1697462617998, 1697462618095, 1697462618202, 1697462618295, 1697462618401, 1697462618903, 1697462618996, 1697462619090, 1697462619183, 1697462619276, 1697462619370]"
56,448,0,[],200,EleutherAI/gpt-neox-20b,32,1,4402.0,1.0,4,T4,1697462608336,1697462612738.0,120,335.0,12.0,"[49, 3074, 92, 105, 90, 103, 103, 392, 106, 90, 91, 107]","[1697462608385, 1697462611459, 1697462611551, 1697462611656, 1697462611746, 1697462611849, 1697462611952, 1697462612344, 1697462612450, 1697462612540, 1697462612631, 1697462612738]"
57,575,2,[],200,EleutherAI/gpt-neox-20b,32,1,5421.0,1.0,4,T4,1697462616932,1697462622353.0,120,86.0,20.0,"[14, 1956, 94, 94, 93, 93, 94, 1117, 93, 92, 104, 90, 528, 93, 92, 105, 384, 91, 104, 90]","[1697462616946, 1697462618902, 1697462618996, 1697462619090, 1697462619183, 1697462619276, 1697462619370, 1697462620487, 1697462620580, 1697462620672, 1697462620776, 1697462620866, 1697462621394, 1697462621487, 1697462621579, 1697462621684, 1697462622068, 1697462622159, 1697462622263, 1697462622353]"
58,252,1,[],200,EleutherAI/gpt-neox-20b,32,1,6547.0,1.0,4,T4,1697462611749,1697462618296.0,120,182.0,22.0,"[14, 2651, 90, 74, 938, 93, 90, 89, 93, 183, 568, 106, 91, 99, 103, 679, 94, 95, 99, 97, 107, 93]","[1697462611763, 1697462614414, 1697462614504, 1697462614578, 1697462615516, 1697462615609, 1697462615699, 1697462615788, 1697462615881, 1697462616064, 1697462616632, 1697462616738, 1697462616829, 1697462616928, 1697462617031, 1697462617710, 1697462617804, 1697462617899, 1697462617998, 1697462618095, 1697462618202, 1697462618295]"
59,301,2,[],200,EleutherAI/gpt-neox-20b,32,1,7637.0,1.0,4,T4,1697462615420,1697462623057.0,120,109.0,31.0,"[6, 2284, 95, 94, 99, 98, 106, 93, 106, 501, 94, 94, 93, 93, 94, 1117, 93, 92, 105, 89, 529, 92, 92, 105, 384, 91, 104, 89, 526, 89, 89]","[1697462615426, 1697462617710, 1697462617805, 1697462617899, 1697462617998, 1697462618096, 1697462618202, 1697462618295, 1697462618401, 1697462618902, 1697462618996, 1697462619090, 1697462619183, 1697462619276, 1697462619370, 1697462620487, 1697462620580, 1697462620672, 1697462620777, 1697462620866, 1697462621395, 1697462621487, 1697462621579, 1697462621684, 1697462622068, 1697462622159, 1697462622263, 1697462622352, 1697462622878, 1697462622967, 1697462623056]"
60,718,0,[],200,EleutherAI/gpt-neox-20b,32,1,3015.0,1.0,4,T4,1697462608335,1697462611350.0,120,13.0,1.0,"[25, 2989]","[1697462608360, 1697462611349]"
61,398,3,[],200,EleutherAI/gpt-neox-20b,32,1,7464.0,1.0,4,T4,1697462622356,1697462629820.0,120,87.0,20.0,"[14, 3435, 709, 91, 107, 105, 85, 85, 922, 111, 93, 104, 101, 88, 915, 95, 93, 106, 103, 102]","[1697462622370, 1697462625805, 1697462626514, 1697462626605, 1697462626712, 1697462626817, 1697462626902, 1697462626987, 1697462627909, 1697462628020, 1697462628113, 1697462628217, 1697462628318, 1697462628406, 1697462629321, 1697462629416, 1697462629509, 1697462629615, 1697462629718, 1697462629820]"
62,641,1,[],200,EleutherAI/gpt-neox-20b,32,1,10331.0,1.0,4,T4,1697462611353,1697462621684.0,120,16.0,50.0,"[12, 979, 106, 90, 92, 106, 102, 88, 88, 360, 93, 90, 101, 754, 90, 74, 938, 93, 90, 89, 92, 184, 568, 106, 91, 99, 103, 679, 95, 94, 99, 97, 107, 93, 106, 501, 94, 94, 93, 93, 94, 1117, 93, 92, 104, 90, 528, 93, 92, 105]","[1697462611365, 1697462612344, 1697462612450, 1697462612540, 1697462612632, 1697462612738, 1697462612840, 1697462612928, 1697462613016, 1697462613376, 1697462613469, 1697462613559, 1697462613660, 1697462614414, 1697462614504, 1697462614578, 1697462615516, 1697462615609, 1697462615699, 1697462615788, 1697462615880, 1697462616064, 1697462616632, 1697462616738, 1697462616829, 1697462616928, 1697462617031, 1697462617710, 1697462617805, 1697462617899, 1697462617998, 1697462618095, 1697462618202, 1697462618295, 1697462618401, 1697462618902, 1697462618996, 1697462619090, 1697462619183, 1697462619276, 1697462619370, 1697462620487, 1697462620580, 1697462620672, 1697462620776, 1697462620866, 1697462621394, 1697462621487, 1697462621579, 1697462621684]"
63,412,1,[],200,EleutherAI/gpt-neox-20b,32,1,2980.0,1.0,4,T4,1697462619373,1697462622353.0,120,244.0,9.0,"[20, 2002, 92, 92, 105, 384, 91, 104, 90]","[1697462619393, 1697462621395, 1697462621487, 1697462621579, 1697462621684, 1697462622068, 1697462622159, 1697462622263, 1697462622353]"
64,129,3,[],200,EleutherAI/gpt-neox-20b,32,1,74997.0,1.0,4,T4,1697462629834,1697462704831.0,120,67.0,381.0,"[5, 1850, 108, 102, 96, 1062, 113, 97, 111, 106, 104, 893, 105, 91, 104, 91, 977, 96, 107, 104, 101, 801, 95, 95, 107, 92, 91, 92, 104, 474, 108, 93, 100, 88, 87, 1600, 102, 89, 89, 89, 384, 108, 95, 89, 91, 100, 90, 90, 915, 108, 92, 92, 92, 92, 308, 92, 104, 814, 95, 108, 101, 89, 89, 89, 1022, 95, 96, 104, 89, 103, 671, 94, 93, 93, 93, 104, 928, 102, 98, 86, 1117, 96, 96, 109, 107, 103, 464, 96, 100, 97, 917, 100, 110, 98, 97, 102, 930, 109, 106, 99, 87, 1262, 105, 104, 91, 1294, 108, 108, 94, 98, 1149, 99, 97, 98, 113, 108, 94, 94, 769, 114, 110, 95, 94, 106, 476, 90, 100, 88, 87, 1172, 104, 100, 1024, 110, 97, 96, 108, 107, 93, 90, 607, 100, 97, 96, 111, 108, 93, 384, 104, 805, 96, 107, 89, 90, 89, 90, 89, 565, 542, 106, 197, 92, 91, 88, 100, 87, 88, 88, 88, 90, 88, 88, 90, 98, 84, 82, 82, 846, 154, 84, 84, 84, 84, 97, 83, 83, 85, 90, 88, 82, 191, 83, 83, 270, 86, 214, 98, 79, 79, 79, 78, 79, 79, 78, 94, 80, 79, 83, 81, 80, 79, 79, 79, 79, 504, 193, 94, 81, 81, 82, 79, 81, 80, 81, 84, 90, 672, 86, 96, 82, 84, 82, 82, 82, 82, 82, 83, 219, 517, 83, 83, 82, 83, 85, 87, 253, 82, 84, 82, 80, 720, 298, 89, 89, 90, 96, 95, 82, 452, 479, 82, 82, 81, 82, 668, 90, 89, 89, 96, 251, 99, 83, 83, 88, 80, 794, 89, 100, 81, 88, 89, 89, 88, 373, 97, 394, 104, 88, 911, 99, 753, 96, 95, 96, 106, 91, 101, 88, 88, 89, 90, 90, 736, 90, 94, 496, 102, 94, 700, 106, 92, 92, 94, 91, 92, 92, 235, 96, 102, 88, 98, 87, 766, 93, 107, 91, 91, 503, 104, 89, 89, 94, 798, 105, 91, 103, 92, 271, 106, 101, 94, 79, 893, 106, 92, 92, 102, 413, 96, 107, 310, 103, 614, 96, 107, 111, 99, 94, 107, 694, 107, 104, 91, 90, 89, 101, 100, 88, 88, 879, 94, 96, 613, 95, 93, 108, 95, 94, 503, 109, 92]","[1697462629839, 1697462631689, 1697462631797, 1697462631899, 1697462631995, 1697462633057, 1697462633170, 1697462633267, 1697462633378, 1697462633484, 1697462633588, 1697462634481, 1697462634586, 1697462634677, 1697462634781, 1697462634872, 1697462635849, 1697462635945, 1697462636052, 1697462636156, 1697462636257, 1697462637058, 1697462637153, 1697462637248, 1697462637355, 1697462637447, 1697462637538, 1697462637630, 1697462637734, 1697462638208, 1697462638316, 1697462638409, 1697462638509, 1697462638597, 1697462638684, 1697462640284, 1697462640386, 1697462640475, 1697462640564, 1697462640653, 1697462641037, 1697462641145, 1697462641240, 1697462641329, 1697462641420, 1697462641520, 1697462641610, 1697462641700, 1697462642615, 1697462642723, 1697462642815, 1697462642907, 1697462642999, 1697462643091, 1697462643399, 1697462643491, 1697462643595, 1697462644409, 1697462644504, 1697462644612, 1697462644713, 1697462644802, 1697462644891, 1697462644980, 1697462646002, 1697462646097, 1697462646193, 1697462646297, 1697462646386, 1697462646489, 1697462647160, 1697462647254, 1697462647347, 1697462647440, 1697462647533, 1697462647637, 1697462648565, 1697462648667, 1697462648765, 1697462648851, 1697462649968, 1697462650064, 1697462650160, 1697462650269, 1697462650376, 1697462650479, 1697462650943, 1697462651039, 1697462651139, 1697462651236, 1697462652153, 1697462652253, 1697462652363, 1697462652461, 1697462652558, 1697462652660, 1697462653590, 1697462653699, 1697462653805, 1697462653904, 1697462653991, 1697462655253, 1697462655358, 1697462655462, 1697462655553, 1697462656847, 1697462656955, 1697462657063, 1697462657157, 1697462657255, 1697462658404, 1697462658503, 1697462658600, 1697462658698, 1697462658811, 1697462658919, 1697462659013, 1697462659107, 1697462659876, 1697462659990, 1697462660100, 1697462660195, 1697462660289, 1697462660395, 1697462660871, 1697462660961, 1697462661061, 1697462661149, 1697462661236, 1697462662408, 1697462662512, 1697462662612, 1697462663636, 1697462663746, 1697462663843, 1697462663939, 1697462664047, 1697462664154, 1697462664247, 1697462664337, 1697462664944, 1697462665044, 1697462665141, 1697462665237, 1697462665348, 1697462665456, 1697462665549, 1697462665933, 1697462666037, 1697462666842, 1697462666938, 1697462667045, 1697462667134, 1697462667224, 1697462667313, 1697462667403, 1697462667492, 1697462668057, 1697462668599, 1697462668705, 1697462668902, 1697462668994, 1697462669085, 1697462669173, 1697462669273, 1697462669360, 1697462669448, 1697462669536, 1697462669624, 1697462669714, 1697462669802, 1697462669890, 1697462669980, 1697462670078, 1697462670162, 1697462670244, 1697462670326, 1697462671172, 1697462671326, 1697462671410, 1697462671494, 1697462671578, 1697462671662, 1697462671759, 1697462671842, 1697462671925, 1697462672010, 1697462672100, 1697462672188, 1697462672270, 1697462672461, 1697462672544, 1697462672627, 1697462672897, 1697462672983, 1697462673197, 1697462673295, 1697462673374, 1697462673453, 1697462673532, 1697462673610, 1697462673689, 1697462673768, 1697462673846, 1697462673940, 1697462674020, 1697462674099, 1697462674182, 1697462674263, 1697462674343, 1697462674422, 1697462674501, 1697462674580, 1697462674659, 1697462675163, 1697462675356, 1697462675450, 1697462675531, 1697462675612, 1697462675694, 1697462675773, 1697462675854, 1697462675934, 1697462676015, 1697462676099, 1697462676189, 1697462676861, 1697462676947, 1697462677043, 1697462677125, 1697462677209, 1697462677291, 1697462677373, 1697462677455, 1697462677537, 1697462677619, 1697462677702, 1697462677921, 1697462678438, 1697462678521, 1697462678604, 1697462678686, 1697462678769, 1697462678854, 1697462678941, 1697462679194, 1697462679276, 1697462679360, 1697462679442, 1697462679522, 1697462680242, 1697462680540, 1697462680629, 1697462680718, 1697462680808, 1697462680904, 1697462680999, 1697462681081, 1697462681533, 1697462682012, 1697462682094, 1697462682176, 1697462682257, 1697462682339, 1697462683007, 1697462683097, 1697462683186, 1697462683275, 1697462683371, 1697462683622, 1697462683721, 1697462683804, 1697462683887, 1697462683975, 1697462684055, 1697462684849, 1697462684938, 1697462685038, 1697462685119, 1697462685207, 1697462685296, 1697462685385, 1697462685473, 1697462685846, 1697462685943, 1697462686337, 1697462686441, 1697462686529, 1697462687440, 1697462687539, 1697462688292, 1697462688388, 1697462688483, 1697462688579, 1697462688685, 1697462688776, 1697462688877, 1697462688965, 1697462689053, 1697462689142, 1697462689232, 1697462689322, 1697462690058, 1697462690148, 1697462690242, 1697462690738, 1697462690840, 1697462690934, 1697462691634, 1697462691740, 1697462691832, 1697462691924, 1697462692018, 1697462692109, 1697462692201, 1697462692293, 1697462692528, 1697462692624, 1697462692726, 1697462692814, 1697462692912, 1697462692999, 1697462693765, 1697462693858, 1697462693965, 1697462694056, 1697462694147, 1697462694650, 1697462694754, 1697462694843, 1697462694932, 1697462695026, 1697462695824, 1697462695929, 1697462696020, 1697462696123, 1697462696215, 1697462696486, 1697462696592, 1697462696693, 1697462696787, 1697462696866, 1697462697759, 1697462697865, 1697462697957, 1697462698049, 1697462698151, 1697462698564, 1697462698660, 1697462698767, 1697462699077, 1697462699180, 1697462699794, 1697462699890, 1697462699997, 1697462700108, 1697462700207, 1697462700301, 1697462700408, 1697462701102, 1697462701209, 1697462701313, 1697462701404, 1697462701494, 1697462701583, 1697462701684, 1697462701784, 1697462701872, 1697462701960, 1697462702839, 1697462702933, 1697462703029, 1697462703642, 1697462703737, 1697462703830, 1697462703938, 1697462704033, 1697462704127, 1697462704630, 1697462704739, 1697462704831]"
65,244,2,[],200,EleutherAI/gpt-neox-20b,32,1,3350.0,1.0,4,T4,1697462622356,1697462625706.0,120,9.0,1.0,"[18, 3332]","[1697462622374, 1697462625706]"
66,189,3,[],200,EleutherAI/gpt-neox-20b,32,1,4764.0,1.0,4,T4,1697462625709,1697462630473.0,120,88.0,20.0,"[20, 785, 91, 107, 105, 85, 85, 922, 111, 93, 104, 101, 88, 916, 94, 93, 106, 103, 102, 653]","[1697462625729, 1697462626514, 1697462626605, 1697462626712, 1697462626817, 1697462626902, 1697462626987, 1697462627909, 1697462628020, 1697462628113, 1697462628217, 1697462628318, 1697462628406, 1697462629322, 1697462629416, 1697462629509, 1697462629615, 1697462629718, 1697462629820, 1697462630473]"
67,55,2,[],200,EleutherAI/gpt-neox-20b,32,1,1675.0,1.0,4,T4,1697462612636,1697462614311.0,120,12.0,1.0,"[12, 1663]","[1697462612648, 1697462614311]"
68,346,4,[],200,EleutherAI/gpt-neox-20b,32,1,6333.0,1.0,4,T4,1697462629823,1697462636156.0,120,85.0,20.0,"[16, 1850, 108, 102, 97, 1061, 113, 97, 111, 106, 104, 893, 105, 91, 104, 91, 977, 96, 107, 104]","[1697462629839, 1697462631689, 1697462631797, 1697462631899, 1697462631996, 1697462633057, 1697462633170, 1697462633267, 1697462633378, 1697462633484, 1697462633588, 1697462634481, 1697462634586, 1697462634677, 1697462634781, 1697462634872, 1697462635849, 1697462635945, 1697462636052, 1697462636156]"
69,809,3,[],200,EleutherAI/gpt-neox-20b,32,1,1103.0,1.0,4,T4,1697462614315,1697462615418.0,120,16.0,1.0,"[18, 1085]","[1697462614333, 1697462615418]"
70,21,4,[],200,EleutherAI/gpt-neox-20b,32,1,1113.0,1.0,4,T4,1697462630477,1697462631590.0,120,15.0,1.0,"[6, 1106]","[1697462630483, 1697462631589]"
71,775,5,[],200,EleutherAI/gpt-neox-20b,32,1,1355.0,1.0,4,T4,1697462631593,1697462632948.0,120,17.0,1.0,"[16, 1339]","[1697462631609, 1697462632948]"
72,600,6,[],200,EleutherAI/gpt-neox-20b,32,1,1431.0,1.0,4,T4,1697462632952,1697462634383.0,120,23.0,1.0,"[6, 1425]","[1697462632958, 1697462634383]"
73,546,7,[],200,EleutherAI/gpt-neox-20b,32,1,4300.0,1.0,4,T4,1697462634385,1697462638685.0,120,93.0,20.0,"[17, 1447, 97, 106, 104, 101, 801, 95, 95, 106, 93, 91, 92, 103, 475, 108, 93, 100, 88, 88]","[1697462634402, 1697462635849, 1697462635946, 1697462636052, 1697462636156, 1697462636257, 1697462637058, 1697462637153, 1697462637248, 1697462637354, 1697462637447, 1697462637538, 1697462637630, 1697462637733, 1697462638208, 1697462638316, 1697462638409, 1697462638509, 1697462638597, 1697462638685]"
74,392,1,[],200,EleutherAI/gpt-neox-20b,32,1,1569.0,1.0,4,T4,1697462612742,1697462614311.0,120,20.0,1.0,"[13, 1556]","[1697462612755, 1697462614311]"
75,217,2,[],200,EleutherAI/gpt-neox-20b,32,1,4087.0,1.0,4,T4,1697462614314,1697462618401.0,120,85.0,20.0,"[15, 1188, 92, 90, 89, 92, 184, 568, 106, 91, 99, 103, 679, 94, 95, 99, 97, 107, 93, 106]","[1697462614329, 1697462615517, 1697462615609, 1697462615699, 1697462615788, 1697462615880, 1697462616064, 1697462616632, 1697462616738, 1697462616829, 1697462616928, 1697462617031, 1697462617710, 1697462617804, 1697462617899, 1697462617998, 1697462618095, 1697462618202, 1697462618295, 1697462618401]"
76,375,8,[],200,EleutherAI/gpt-neox-20b,32,1,6292.0,1.0,4,T4,1697462638688,1697462644980.0,120,874.0,17.0,"[22, 3905, 108, 92, 92, 92, 92, 308, 92, 104, 815, 94, 107, 102, 89, 88, 90]","[1697462638710, 1697462642615, 1697462642723, 1697462642815, 1697462642907, 1697462642999, 1697462643091, 1697462643399, 1697462643491, 1697462643595, 1697462644410, 1697462644504, 1697462644611, 1697462644713, 1697462644802, 1697462644890, 1697462644980]"
77,698,0,[],200,EleutherAI/gpt-neox-20b,32,1,3515.0,1.0,4,T4,1697462608335,1697462611850.0,120,182.0,6.0,"[8, 3116, 92, 105, 90, 103]","[1697462608343, 1697462611459, 1697462611551, 1697462611656, 1697462611746, 1697462611849]"
78,199,2,[],200,EleutherAI/gpt-neox-20b,32,1,505.0,1.0,4,T4,1697462618300,1697462618805.0,120,13.0,1.0,"[6, 499]","[1697462618306, 1697462618805]"
79,822,1,[],200,EleutherAI/gpt-neox-20b,32,1,4949.0,1.0,4,T4,1697462614421,1697462619370.0,120,88.0,20.0,"[25, 2186, 106, 91, 99, 103, 678, 95, 95, 99, 97, 107, 93, 106, 501, 94, 94, 93, 93, 94]","[1697462614446, 1697462616632, 1697462616738, 1697462616829, 1697462616928, 1697462617031, 1697462617709, 1697462617804, 1697462617899, 1697462617998, 1697462618095, 1697462618202, 1697462618295, 1697462618401, 1697462618902, 1697462618996, 1697462619090, 1697462619183, 1697462619276, 1697462619370]"
80,20,3,[],200,EleutherAI/gpt-neox-20b,32,1,6049.0,1.0,4,T4,1697462618808,1697462624857.0,120,83.0,20.0,"[18, 2568, 93, 92, 105, 384, 91, 104, 89, 526, 89, 89, 527, 99, 705, 103, 92, 101, 87, 87]","[1697462618826, 1697462621394, 1697462621487, 1697462621579, 1697462621684, 1697462622068, 1697462622159, 1697462622263, 1697462622352, 1697462622878, 1697462622967, 1697462623056, 1697462623583, 1697462623682, 1697462624387, 1697462624490, 1697462624582, 1697462624683, 1697462624770, 1697462624857]"
81,804,1,[],200,EleutherAI/gpt-neox-20b,32,1,1202.0,1.0,4,T4,1697462621580,1697462622782.0,120,20.0,1.0,"[6, 1196]","[1697462621586, 1697462622782]"
82,655,2,[],200,EleutherAI/gpt-neox-20b,32,1,5014.0,1.0,4,T4,1697462619373,1697462624387.0,120,335.0,11.0,"[10, 2685, 92, 103, 89, 526, 89, 89, 527, 99, 705]","[1697462619383, 1697462622068, 1697462622160, 1697462622263, 1697462622352, 1697462622878, 1697462622967, 1697462623056, 1697462623583, 1697462623682, 1697462624387]"
83,630,2,[],200,EleutherAI/gpt-neox-20b,32,1,2919.0,1.0,4,T4,1697462622786,1697462625705.0,120,6.0,1.0,"[17, 2902]","[1697462622803, 1697462625705]"
84,458,3,[],200,EleutherAI/gpt-neox-20b,32,1,705.0,1.0,4,T4,1697462625710,1697462626415.0,120,11.0,1.0,"[13, 691]","[1697462625723, 1697462626414]"
85,672,0,[],200,EleutherAI/gpt-neox-20b,32,1,6080.0,1.0,4,T4,1697462608335,1697462614415.0,120,93.0,20.0,"[58, 3067, 91, 105, 90, 103, 103, 392, 106, 90, 91, 107, 101, 89, 88, 360, 93, 90, 101, 754]","[1697462608393, 1697462611460, 1697462611551, 1697462611656, 1697462611746, 1697462611849, 1697462611952, 1697462612344, 1697462612450, 1697462612540, 1697462612631, 1697462612738, 1697462612839, 1697462612928, 1697462613016, 1697462613376, 1697462613469, 1697462613559, 1697462613660, 1697462614414]"
86,398,4,[],200,EleutherAI/gpt-neox-20b,32,1,5481.0,1.0,4,T4,1697462626418,1697462631899.0,120,87.0,20.0,"[20, 1471, 111, 93, 104, 101, 88, 915, 95, 93, 106, 103, 102, 653, 96, 84, 84, 952, 108, 102]","[1697462626438, 1697462627909, 1697462628020, 1697462628113, 1697462628217, 1697462628318, 1697462628406, 1697462629321, 1697462629416, 1697462629509, 1697462629615, 1697462629718, 1697462629820, 1697462630473, 1697462630569, 1697462630653, 1697462630737, 1697462631689, 1697462631797, 1697462631899]"
87,764,2,[],200,EleutherAI/gpt-neox-20b,32,1,1873.0,1.0,4,T4,1697462616932,1697462618805.0,120,39.0,1.0,"[6, 1867]","[1697462616938, 1697462618805]"
88,712,3,[],200,EleutherAI/gpt-neox-20b,32,1,5579.0,1.0,4,T4,1697462618808,1697462624387.0,120,88.0,20.0,"[16, 1663, 93, 92, 104, 90, 528, 93, 92, 105, 384, 91, 104, 89, 526, 89, 89, 527, 99, 705]","[1697462618824, 1697462620487, 1697462620580, 1697462620672, 1697462620776, 1697462620866, 1697462621394, 1697462621487, 1697462621579, 1697462621684, 1697462622068, 1697462622159, 1697462622263, 1697462622352, 1697462622878, 1697462622967, 1697462623056, 1697462623583, 1697462623682, 1697462624387]"
89,521,1,[],200,EleutherAI/gpt-neox-20b,32,1,1421.0,1.0,4,T4,1697462611854,1697462613275.0,120,18.0,1.0,"[16, 1405]","[1697462611870, 1697462613275]"
90,444,2,[],200,EleutherAI/gpt-neox-20b,32,1,2603.0,1.0,4,T4,1697462613278,1697462615881.0,120,457.0,6.0,"[15, 2224, 92, 90, 89, 93]","[1697462613293, 1697462615517, 1697462615609, 1697462615699, 1697462615788, 1697462615881]"
91,626,2,[],200,EleutherAI/gpt-neox-20b,32,1,1555.0,1.0,4,T4,1697462624860,1697462626415.0,120,10.0,1.0,"[14, 1540]","[1697462624874, 1697462626414]"
92,458,3,[],200,EleutherAI/gpt-neox-20b,32,1,1385.0,1.0,4,T4,1697462626419,1697462627804.0,120,11.0,1.0,"[23, 1362]","[1697462626442, 1697462627804]"
93,777,4,[],200,EleutherAI/gpt-neox-20b,32,1,1554.0,1.0,4,T4,1697462624860,1697462626414.0,120,9.0,1.0,"[18, 1536]","[1697462624878, 1697462626414]"
94,49,3,[],200,EleutherAI/gpt-neox-20b,32,1,2216.0,1.0,4,T4,1697462624390,1697462626606.0,120,109.0,3.0,"[13, 2111, 91]","[1697462624403, 1697462626514, 1697462626605]"
95,613,5,[],200,EleutherAI/gpt-neox-20b,32,1,5483.0,1.0,4,T4,1697462626416,1697462631899.0,120,90.0,20.0,"[14, 1479, 111, 93, 104, 101, 88, 916, 94, 93, 106, 103, 102, 653, 96, 84, 84, 953, 107, 102]","[1697462626430, 1697462627909, 1697462628020, 1697462628113, 1697462628217, 1697462628318, 1697462628406, 1697462629322, 1697462629416, 1697462629509, 1697462629615, 1697462629718, 1697462629820, 1697462630473, 1697462630569, 1697462630653, 1697462630737, 1697462631690, 1697462631797, 1697462631899]"
96,595,3,[],200,EleutherAI/gpt-neox-20b,32,1,2023.0,1.0,4,T4,1697462624391,1697462626414.0,120,8.0,1.0,"[16, 2007]","[1697462624407, 1697462626414]"
97,430,4,[],200,EleutherAI/gpt-neox-20b,32,1,1388.0,1.0,4,T4,1697462626416,1697462627804.0,120,15.0,1.0,"[12, 1376]","[1697462626428, 1697462627804]"
98,554,6,[],200,EleutherAI/gpt-neox-20b,32,1,1048.0,1.0,4,T4,1697462631900,1697462632948.0,120,26.0,1.0,"[14, 1034]","[1697462631914, 1697462632948]"
99,382,7,[],200,EleutherAI/gpt-neox-20b,32,1,5257.0,1.0,4,T4,1697462632951,1697462638208.0,120,47.0,20.0,"[13, 1517, 105, 91, 104, 91, 977, 97, 106, 104, 101, 801, 95, 95, 106, 93, 91, 92, 103, 475]","[1697462632964, 1697462634481, 1697462634586, 1697462634677, 1697462634781, 1697462634872, 1697462635849, 1697462635946, 1697462636052, 1697462636156, 1697462636257, 1697462637058, 1697462637153, 1697462637248, 1697462637354, 1697462637447, 1697462637538, 1697462637630, 1697462637733, 1697462638208]"
100,920,4,[],200,EleutherAI/gpt-neox-20b,32,1,2901.0,1.0,4,T4,1697462626608,1697462629509.0,120,96.0,4.0,"[14, 2700, 94, 93]","[1697462626622, 1697462629322, 1697462629416, 1697462629509]"
101,255,5,[],200,EleutherAI/gpt-neox-20b,32,1,29349.0,1.0,4,T4,1697462627809,1697462657158.0,120,216.0,119.0,"[13, 1500, 94, 93, 106, 103, 102, 653, 96, 84, 84, 952, 108, 102, 97, 1061, 113, 97, 111, 106, 104, 893, 105, 91, 104, 91, 977, 96, 107, 104, 101, 801, 95, 95, 107, 92, 91, 92, 103, 474, 109, 93, 100, 88, 87, 1600, 102, 89, 89, 89, 384, 108, 95, 89, 91, 100, 89, 91, 915, 108, 92, 92, 92, 92, 308, 92, 104, 815, 94, 108, 101, 89, 89, 89, 1022, 95, 96, 104, 89, 103, 671, 93, 94, 93, 94, 103, 928, 102, 98, 86, 1117, 96, 96, 109, 106, 105, 463, 96, 100, 97, 916, 101, 110, 98, 97, 104, 928, 109, 105, 100, 87, 1262, 105, 104, 91, 1294, 108, 108, 94]","[1697462627822, 1697462629322, 1697462629416, 1697462629509, 1697462629615, 1697462629718, 1697462629820, 1697462630473, 1697462630569, 1697462630653, 1697462630737, 1697462631689, 1697462631797, 1697462631899, 1697462631996, 1697462633057, 1697462633170, 1697462633267, 1697462633378, 1697462633484, 1697462633588, 1697462634481, 1697462634586, 1697462634677, 1697462634781, 1697462634872, 1697462635849, 1697462635945, 1697462636052, 1697462636156, 1697462636257, 1697462637058, 1697462637153, 1697462637248, 1697462637355, 1697462637447, 1697462637538, 1697462637630, 1697462637733, 1697462638207, 1697462638316, 1697462638409, 1697462638509, 1697462638597, 1697462638684, 1697462640284, 1697462640386, 1697462640475, 1697462640564, 1697462640653, 1697462641037, 1697462641145, 1697462641240, 1697462641329, 1697462641420, 1697462641520, 1697462641609, 1697462641700, 1697462642615, 1697462642723, 1697462642815, 1697462642907, 1697462642999, 1697462643091, 1697462643399, 1697462643491, 1697462643595, 1697462644410, 1697462644504, 1697462644612, 1697462644713, 1697462644802, 1697462644891, 1697462644980, 1697462646002, 1697462646097, 1697462646193, 1697462646297, 1697462646386, 1697462646489, 1697462647160, 1697462647253, 1697462647347, 1697462647440, 1697462647534, 1697462647637, 1697462648565, 1697462648667, 1697462648765, 1697462648851, 1697462649968, 1697462650064, 1697462650160, 1697462650269, 1697462650375, 1697462650480, 1697462650943, 1697462651039, 1697462651139, 1697462651236, 1697462652152, 1697462652253, 1697462652363, 1697462652461, 1697462652558, 1697462652662, 1697462653590, 1697462653699, 1697462653804, 1697462653904, 1697462653991, 1697462655253, 1697462655358, 1697462655462, 1697462655553, 1697462656847, 1697462656955, 1697462657063, 1697462657157]"
102,757,4,[],200,EleutherAI/gpt-neox-20b,32,1,1108.0,1.0,4,T4,1697462615422,1697462616530.0,120,20.0,1.0,"[16, 1091]","[1697462615438, 1697462616529]"
103,586,5,[],200,EleutherAI/gpt-neox-20b,32,1,5822.0,1.0,4,T4,1697462616531,1697462622353.0,120,85.0,20.0,"[13, 2358, 94, 94, 93, 93, 94, 1117, 93, 92, 104, 90, 529, 92, 92, 105, 384, 91, 104, 90]","[1697462616544, 1697462618902, 1697462618996, 1697462619090, 1697462619183, 1697462619276, 1697462619370, 1697462620487, 1697462620580, 1697462620672, 1697462620776, 1697462620866, 1697462621395, 1697462621487, 1697462621579, 1697462621684, 1697462622068, 1697462622159, 1697462622263, 1697462622353]"
104,501,1,[],200,EleutherAI/gpt-neox-20b,32,1,998.0,1.0,4,T4,1697462614420,1697462615418.0,120,19.0,1.0,"[22, 976]","[1697462614442, 1697462615418]"
105,466,2,[],200,EleutherAI/gpt-neox-20b,32,1,6721.0,1.0,4,T4,1697462621685,1697462628406.0,120,457.0,20.0,"[14, 2688, 103, 92, 101, 87, 86, 949, 709, 91, 107, 105, 85, 85, 922, 111, 93, 104, 101, 88]","[1697462621699, 1697462624387, 1697462624490, 1697462624582, 1697462624683, 1697462624770, 1697462624856, 1697462625805, 1697462626514, 1697462626605, 1697462626712, 1697462626817, 1697462626902, 1697462626987, 1697462627909, 1697462628020, 1697462628113, 1697462628217, 1697462628318, 1697462628406]"
106,325,2,[],200,EleutherAI/gpt-neox-20b,32,1,5446.0,1.0,4,T4,1697462615421,1697462620867.0,120,85.0,20.0,"[11, 2278, 94, 96, 98, 97, 107, 93, 106, 501, 94, 94, 93, 93, 94, 1117, 93, 92, 105, 89]","[1697462615432, 1697462617710, 1697462617804, 1697462617900, 1697462617998, 1697462618095, 1697462618202, 1697462618295, 1697462618401, 1697462618902, 1697462618996, 1697462619090, 1697462619183, 1697462619276, 1697462619370, 1697462620487, 1697462620580, 1697462620672, 1697462620777, 1697462620866]"
107,296,3,[],200,EleutherAI/gpt-neox-20b,32,1,1967.0,1.0,4,T4,1697462628410,1697462630377.0,120,6.0,1.0,"[9, 1958]","[1697462628419, 1697462630377]"
108,233,4,[],200,EleutherAI/gpt-neox-20b,32,1,1212.0,1.0,4,T4,1697462630378,1697462631590.0,120,6.0,1.0,"[6, 1205]","[1697462630384, 1697462631589]"
109,66,5,[],200,EleutherAI/gpt-neox-20b,32,1,5655.0,1.0,4,T4,1697462631593,1697462637248.0,120,84.0,20.0,"[17, 1447, 113, 97, 111, 106, 104, 893, 105, 91, 104, 91, 977, 97, 106, 104, 101, 801, 95, 95]","[1697462631610, 1697462633057, 1697462633170, 1697462633267, 1697462633378, 1697462633484, 1697462633588, 1697462634481, 1697462634586, 1697462634677, 1697462634781, 1697462634872, 1697462635849, 1697462635946, 1697462636052, 1697462636156, 1697462636257, 1697462637058, 1697462637153, 1697462637248]"
110,609,1,[],200,EleutherAI/gpt-neox-20b,32,1,7235.0,1.0,4,T4,1697462620674,1697462627909.0,120,88.0,20.0,"[5, 2199, 89, 89, 527, 99, 705, 103, 92, 101, 87, 86, 949, 709, 91, 107, 105, 85, 85, 922]","[1697462620679, 1697462622878, 1697462622967, 1697462623056, 1697462623583, 1697462623682, 1697462624387, 1697462624490, 1697462624582, 1697462624683, 1697462624770, 1697462624856, 1697462625805, 1697462626514, 1697462626605, 1697462626712, 1697462626817, 1697462626902, 1697462626987, 1697462627909]"
111,823,6,[],200,EleutherAI/gpt-neox-20b,32,1,4449.0,1.0,4,T4,1697462637251,1697462641700.0,120,90.0,20.0,"[14, 943, 108, 93, 100, 88, 87, 1599, 103, 89, 89, 89, 384, 108, 95, 89, 92, 99, 89, 91]","[1697462637265, 1697462638208, 1697462638316, 1697462638409, 1697462638509, 1697462638597, 1697462638684, 1697462640283, 1697462640386, 1697462640475, 1697462640564, 1697462640653, 1697462641037, 1697462641145, 1697462641240, 1697462641329, 1697462641421, 1697462641520, 1697462641609, 1697462641700]"
112,248,3,[],200,EleutherAI/gpt-neox-20b,32,1,7040.0,1.0,4,T4,1697462620869,1697462627909.0,120,182.0,17.0,"[13, 2701, 99, 705, 103, 92, 101, 87, 86, 949, 709, 91, 107, 105, 85, 86, 921]","[1697462620882, 1697462623583, 1697462623682, 1697462624387, 1697462624490, 1697462624582, 1697462624683, 1697462624770, 1697462624856, 1697462625805, 1697462626514, 1697462626605, 1697462626712, 1697462626817, 1697462626902, 1697462626988, 1697462627909]"
113,417,5,[],200,EleutherAI/gpt-neox-20b,32,1,1920.0,1.0,4,T4,1697462619374,1697462621294.0,120,17.0,1.0,"[13, 1906]","[1697462619387, 1697462621293]"
114,249,6,[],200,EleutherAI/gpt-neox-20b,32,1,5417.0,1.0,4,T4,1697462621296,1697462626713.0,120,874.0,5.0,"[6, 4503, 708, 92, 108]","[1697462621302, 1697462625805, 1697462626513, 1697462626605, 1697462626713]"
115,188,7,[],200,EleutherAI/gpt-neox-20b,32,1,6768.0,1.0,4,T4,1697462626716,1697462633484.0,120,85.0,20.0,"[14, 2592, 94, 93, 106, 103, 102, 653, 96, 84, 84, 953, 107, 102, 97, 1061, 112, 98, 111, 106]","[1697462626730, 1697462629322, 1697462629416, 1697462629509, 1697462629615, 1697462629718, 1697462629820, 1697462630473, 1697462630569, 1697462630653, 1697462630737, 1697462631690, 1697462631797, 1697462631899, 1697462631996, 1697462633057, 1697462633169, 1697462633267, 1697462633378, 1697462633484]"
116,53,3,[],200,EleutherAI/gpt-neox-20b,32,1,14862.0,1.0,4,T4,1697462618405,1697462633267.0,120,216.0,55.0,"[17, 2065, 93, 92, 105, 89, 529, 92, 92, 105, 384, 91, 104, 89, 526, 89, 89, 527, 99, 705, 103, 91, 102, 87, 86, 949, 709, 91, 107, 105, 85, 85, 922, 110, 94, 104, 101, 88, 916, 94, 93, 106, 103, 102, 653, 96, 84, 84, 952, 108, 102, 96, 1062, 113, 97]","[1697462618422, 1697462620487, 1697462620580, 1697462620672, 1697462620777, 1697462620866, 1697462621395, 1697462621487, 1697462621579, 1697462621684, 1697462622068, 1697462622159, 1697462622263, 1697462622352, 1697462622878, 1697462622967, 1697462623056, 1697462623583, 1697462623682, 1697462624387, 1697462624490, 1697462624581, 1697462624683, 1697462624770, 1697462624856, 1697462625805, 1697462626514, 1697462626605, 1697462626712, 1697462626817, 1697462626902, 1697462626987, 1697462627909, 1697462628019, 1697462628113, 1697462628217, 1697462628318, 1697462628406, 1697462629322, 1697462629416, 1697462629509, 1697462629615, 1697462629718, 1697462629820, 1697462630473, 1697462630569, 1697462630653, 1697462630737, 1697462631689, 1697462631797, 1697462631899, 1697462631995, 1697462633057, 1697462633170, 1697462633267]"
117,133,3,[],200,EleutherAI/gpt-neox-20b,32,1,2646.0,1.0,4,T4,1697462623060,1697462625706.0,120,15.0,1.0,"[14, 2632]","[1697462623074, 1697462625706]"
118,71,4,[],200,EleutherAI/gpt-neox-20b,32,1,3908.0,1.0,4,T4,1697462625707,1697462629615.0,120,364.0,11.0,"[14, 2188, 111, 93, 104, 101, 88, 916, 94, 93, 106]","[1697462625721, 1697462627909, 1697462628020, 1697462628113, 1697462628217, 1697462628318, 1697462628406, 1697462629322, 1697462629416, 1697462629509, 1697462629615]"
119,655,7,[],200,EleutherAI/gpt-neox-20b,32,1,4490.0,1.0,4,T4,1697462641703,1697462646193.0,120,335.0,11.0,"[15, 2692, 94, 107, 102, 89, 89, 89, 1022, 96, 95]","[1697462641718, 1697462644410, 1697462644504, 1697462644611, 1697462644713, 1697462644802, 1697462644891, 1697462644980, 1697462646002, 1697462646098, 1697462646193]"
120,593,8,[],200,EleutherAI/gpt-neox-20b,32,1,4843.0,1.0,4,T4,1697462646196,1697462651039.0,120,335.0,9.0,"[6, 3766, 96, 96, 109, 107, 103, 464, 96]","[1697462646202, 1697462649968, 1697462650064, 1697462650160, 1697462650269, 1697462650376, 1697462650479, 1697462650943, 1697462651039]"
121,829,5,[],200,EleutherAI/gpt-neox-20b,32,1,759.0,1.0,4,T4,1697462629618,1697462630377.0,120,20.0,1.0,"[13, 746]","[1697462629631, 1697462630377]"
122,654,6,[],200,EleutherAI/gpt-neox-20b,32,1,1520.0,1.0,4,T4,1697462630379,1697462631899.0,120,47.0,4.0,"[15, 1296, 107, 102]","[1697462630394, 1697462631690, 1697462631797, 1697462631899]"
123,175,5,[],200,EleutherAI/gpt-neox-20b,32,1,1471.0,1.0,4,T4,1697462636159,1697462637630.0,120,140.0,8.0,"[9, 891, 94, 95, 106, 93, 91, 92]","[1697462636168, 1697462637059, 1697462637153, 1697462637248, 1697462637354, 1697462637447, 1697462637538, 1697462637630]"
124,490,7,[],200,EleutherAI/gpt-neox-20b,32,1,1476.0,1.0,4,T4,1697462631902,1697462633378.0,120,11.0,5.0,"[15, 1140, 112, 98, 111]","[1697462631917, 1697462633057, 1697462633169, 1697462633267, 1697462633378]"
125,72,4,[],200,EleutherAI/gpt-neox-20b,32,1,5574.0,1.0,4,T4,1697462627911,1697462633485.0,120,84.0,20.0,"[14, 1396, 95, 93, 106, 103, 102, 653, 96, 84, 84, 952, 108, 102, 96, 1062, 113, 97, 111, 107]","[1697462627925, 1697462629321, 1697462629416, 1697462629509, 1697462629615, 1697462629718, 1697462629820, 1697462630473, 1697462630569, 1697462630653, 1697462630737, 1697462631689, 1697462631797, 1697462631899, 1697462631995, 1697462633057, 1697462633170, 1697462633267, 1697462633378, 1697462633485]"
126,432,8,[],200,EleutherAI/gpt-neox-20b,32,1,1004.0,1.0,4,T4,1697462633379,1697462634383.0,120,13.0,1.0,"[5, 999]","[1697462633384, 1697462634383]"
127,7,6,[],200,EleutherAI/gpt-neox-20b,32,1,3788.0,1.0,4,T4,1697462637633,1697462641421.0,120,345.0,11.0,"[6, 2645, 102, 89, 89, 89, 384, 109, 94, 89, 92]","[1697462637639, 1697462640284, 1697462640386, 1697462640475, 1697462640564, 1697462640653, 1697462641037, 1697462641146, 1697462641240, 1697462641329, 1697462641421]"
128,161,2,[],200,EleutherAI/gpt-neox-20b,32,1,2787.0,1.0,4,T4,1697462619373,1697462622160.0,120,109.0,7.0,"[6, 2016, 92, 92, 105, 384, 92]","[1697462619379, 1697462621395, 1697462621487, 1697462621579, 1697462621684, 1697462622068, 1697462622160]"
129,810,4,[],200,EleutherAI/gpt-neox-20b,32,1,4940.0,1.0,4,T4,1697462633268,1697462638208.0,120,91.0,20.0,"[14, 1199, 105, 92, 103, 91, 977, 96, 107, 104, 101, 801, 95, 95, 106, 93, 91, 92, 103, 475]","[1697462633282, 1697462634481, 1697462634586, 1697462634678, 1697462634781, 1697462634872, 1697462635849, 1697462635945, 1697462636052, 1697462636156, 1697462636257, 1697462637058, 1697462637153, 1697462637248, 1697462637354, 1697462637447, 1697462637538, 1697462637630, 1697462637733, 1697462638208]"
130,661,1,[],200,EleutherAI/gpt-neox-20b,32,1,4713.0,1.0,4,T4,1697462611352,1697462616065.0,120,161.0,10.0,"[21, 3041, 90, 74, 938, 93, 90, 89, 93, 183]","[1697462611373, 1697462614414, 1697462614504, 1697462614578, 1697462615516, 1697462615609, 1697462615699, 1697462615788, 1697462615881, 1697462616064]"
131,260,9,[],200,EleutherAI/gpt-neox-20b,32,1,4299.0,1.0,4,T4,1697462634386,1697462638685.0,120,86.0,20.0,"[21, 1442, 96, 107, 104, 101, 801, 95, 95, 106, 93, 91, 92, 103, 475, 108, 92, 101, 87, 89]","[1697462634407, 1697462635849, 1697462635945, 1697462636052, 1697462636156, 1697462636257, 1697462637058, 1697462637153, 1697462637248, 1697462637354, 1697462637447, 1697462637538, 1697462637630, 1697462637733, 1697462638208, 1697462638316, 1697462638408, 1697462638509, 1697462638596, 1697462638685]"
132,87,1,[],200,EleutherAI/gpt-neox-20b,32,1,7440.0,1.0,4,T4,1697462620673,1697462628113.0,120,335.0,19.0,"[13, 2897, 99, 705, 103, 91, 102, 87, 86, 949, 709, 91, 107, 105, 85, 86, 921, 111, 93]","[1697462620686, 1697462623583, 1697462623682, 1697462624387, 1697462624490, 1697462624581, 1697462624683, 1697462624770, 1697462624856, 1697462625805, 1697462626514, 1697462626605, 1697462626712, 1697462626817, 1697462626902, 1697462626988, 1697462627909, 1697462628020, 1697462628113]"
133,832,5,[],200,EleutherAI/gpt-neox-20b,32,1,895.0,1.0,4,T4,1697462633488,1697462634383.0,120,15.0,1.0,"[11, 884]","[1697462633499, 1697462634383]"
134,654,6,[],200,EleutherAI/gpt-neox-20b,32,1,1667.0,1.0,4,T4,1697462634385,1697462636052.0,120,47.0,4.0,"[17, 1447, 96, 107]","[1697462634402, 1697462635849, 1697462635945, 1697462636052]"
135,609,2,[],200,EleutherAI/gpt-neox-20b,32,1,4799.0,1.0,4,T4,1697462616068,1697462620867.0,120,88.0,20.0,"[5, 1637, 94, 95, 99, 98, 106, 93, 106, 501, 94, 94, 93, 93, 94, 1117, 93, 92, 104, 90]","[1697462616073, 1697462617710, 1697462617804, 1697462617899, 1697462617998, 1697462618096, 1697462618202, 1697462618295, 1697462618401, 1697462618902, 1697462618996, 1697462619090, 1697462619183, 1697462619276, 1697462619370, 1697462620487, 1697462620580, 1697462620672, 1697462620776, 1697462620866]"
136,603,7,[],200,EleutherAI/gpt-neox-20b,32,1,902.0,1.0,4,T4,1697462636056,1697462636958.0,120,9.0,1.0,"[6, 896]","[1697462636062, 1697462636958]"
137,431,8,[],200,EleutherAI/gpt-neox-20b,32,1,6530.0,1.0,4,T4,1697462636961,1697462643491.0,120,732.0,22.0,"[16, 3306, 104, 88, 89, 89, 384, 108, 95, 89, 92, 99, 90, 90, 915, 108, 92, 92, 92, 92, 308, 92]","[1697462636977, 1697462640283, 1697462640387, 1697462640475, 1697462640564, 1697462640653, 1697462641037, 1697462641145, 1697462641240, 1697462641329, 1697462641421, 1697462641520, 1697462641610, 1697462641700, 1697462642615, 1697462642723, 1697462642815, 1697462642907, 1697462642999, 1697462643091, 1697462643399, 1697462643491]"
138,371,0,[],200,EleutherAI/gpt-neox-20b,32,1,3012.0,1.0,4,T4,1697462608338,1697462611350.0,120,13.0,1.0,"[69, 2942]","[1697462608407, 1697462611349]"
139,196,1,[],200,EleutherAI/gpt-neox-20b,32,1,888.0,1.0,4,T4,1697462611353,1697462612241.0,120,13.0,1.0,"[24, 863]","[1697462611377, 1697462612240]"
140,263,9,[],200,EleutherAI/gpt-neox-20b,32,1,816.0,1.0,4,T4,1697462643494,1697462644310.0,120,15.0,1.0,"[13, 803]","[1697462643507, 1697462644310]"
141,86,10,[],200,EleutherAI/gpt-neox-20b,32,1,4539.0,1.0,4,T4,1697462644312,1697462648851.0,120,335.0,17.0,"[12, 1678, 96, 95, 104, 90, 102, 671, 94, 92, 94, 94, 103, 928, 102, 98, 86]","[1697462644324, 1697462646002, 1697462646098, 1697462646193, 1697462646297, 1697462646387, 1697462646489, 1697462647160, 1697462647254, 1697462647346, 1697462647440, 1697462647534, 1697462647637, 1697462648565, 1697462648667, 1697462648765, 1697462648851]"
142,738,2,[],200,EleutherAI/gpt-neox-20b,32,1,2895.0,1.0,4,T4,1697462621687,1697462624582.0,120,79.0,6.0,"[14, 1882, 99, 705, 103, 92]","[1697462621701, 1697462623583, 1697462623682, 1697462624387, 1697462624490, 1697462624582]"
143,141,2,[],200,EleutherAI/gpt-neox-20b,32,1,5853.0,1.0,4,T4,1697462612243,1697462618096.0,120,89.0,20.0,"[13, 2158, 90, 74, 938, 93, 90, 89, 93, 183, 568, 106, 91, 99, 103, 679, 95, 95, 98, 97]","[1697462612256, 1697462614414, 1697462614504, 1697462614578, 1697462615516, 1697462615609, 1697462615699, 1697462615788, 1697462615881, 1697462616064, 1697462616632, 1697462616738, 1697462616829, 1697462616928, 1697462617031, 1697462617710, 1697462617805, 1697462617900, 1697462617998, 1697462618095]"
144,31,11,[],200,EleutherAI/gpt-neox-20b,32,1,6700.0,1.0,4,T4,1697462648853,1697462655553.0,120,84.0,20.0,"[14, 2076, 96, 100, 97, 917, 100, 110, 99, 96, 102, 930, 109, 106, 99, 87, 1262, 105, 104, 91]","[1697462648867, 1697462650943, 1697462651039, 1697462651139, 1697462651236, 1697462652153, 1697462652253, 1697462652363, 1697462652462, 1697462652558, 1697462652660, 1697462653590, 1697462653699, 1697462653805, 1697462653904, 1697462653991, 1697462655253, 1697462655358, 1697462655462, 1697462655553]"
145,24,8,[],200,EleutherAI/gpt-neox-20b,32,1,2565.0,1.0,4,T4,1697462633487,1697462636052.0,120,79.0,9.0,"[7, 987, 105, 92, 103, 91, 977, 97, 106]","[1697462633494, 1697462634481, 1697462634586, 1697462634678, 1697462634781, 1697462634872, 1697462635849, 1697462635946, 1697462636052]"
146,568,3,[],200,EleutherAI/gpt-neox-20b,32,1,1830.0,1.0,4,T4,1697462624585,1697462626415.0,120,11.0,1.0,"[16, 1814]","[1697462624601, 1697462626415]"
147,400,4,[],200,EleutherAI/gpt-neox-20b,32,1,1989.0,1.0,4,T4,1697462626417,1697462628406.0,120,123.0,7.0,"[17, 1475, 111, 93, 104, 101, 88]","[1697462626434, 1697462627909, 1697462628020, 1697462628113, 1697462628217, 1697462628318, 1697462628406]"
148,337,5,[],200,EleutherAI/gpt-neox-20b,32,1,1967.0,1.0,4,T4,1697462628410,1697462630377.0,120,12.0,1.0,"[13, 1954]","[1697462628423, 1697462630377]"
149,788,12,[],200,EleutherAI/gpt-neox-20b,32,1,2747.0,1.0,4,T4,1697462655554,1697462658301.0,120,31.0,1.0,"[14, 2733]","[1697462655568, 1697462658301]"
150,617,13,[],200,EleutherAI/gpt-neox-20b,32,1,5743.0,1.0,4,T4,1697462658304,1697462664047.0,120,87.0,20.0,"[6, 1566, 114, 110, 95, 94, 105, 477, 90, 100, 88, 87, 1172, 104, 100, 1024, 110, 97, 96, 108]","[1697462658310, 1697462659876, 1697462659990, 1697462660100, 1697462660195, 1697462660289, 1697462660394, 1697462660871, 1697462660961, 1697462661061, 1697462661149, 1697462661236, 1697462662408, 1697462662512, 1697462662612, 1697462663636, 1697462663746, 1697462663843, 1697462663939, 1697462664047]"
151,169,6,[],200,EleutherAI/gpt-neox-20b,32,1,1209.0,1.0,4,T4,1697462630381,1697462631590.0,120,10.0,1.0,"[11, 1197]","[1697462630392, 1697462631589]"
152,898,7,[],200,EleutherAI/gpt-neox-20b,32,1,1466.0,1.0,4,T4,1697462631592,1697462633058.0,120,79.0,2.0,"[14, 1452]","[1697462631606, 1697462633058]"
153,840,8,[],200,EleutherAI/gpt-neox-20b,32,1,1322.0,1.0,4,T4,1697462633061,1697462634383.0,120,17.0,1.0,"[16, 1306]","[1697462633077, 1697462634383]"
154,672,9,[],200,EleutherAI/gpt-neox-20b,32,1,4301.0,1.0,4,T4,1697462634384,1697462638685.0,120,93.0,20.0,"[8, 1457, 96, 107, 104, 101, 802, 94, 95, 106, 93, 91, 92, 104, 474, 108, 93, 100, 88, 88]","[1697462634392, 1697462635849, 1697462635945, 1697462636052, 1697462636156, 1697462636257, 1697462637059, 1697462637153, 1697462637248, 1697462637354, 1697462637447, 1697462637538, 1697462637630, 1697462637734, 1697462638208, 1697462638316, 1697462638409, 1697462638509, 1697462638597, 1697462638685]"
155,269,3,[],200,EleutherAI/gpt-neox-20b,32,1,1726.0,1.0,4,T4,1697462615884,1697462617610.0,120,11.0,1.0,"[6, 1720]","[1697462615890, 1697462617610]"
156,577,1,[],200,EleutherAI/gpt-neox-20b,32,1,4328.0,1.0,4,T4,1697462611553,1697462615881.0,120,93.0,9.0,"[16, 2845, 90, 74, 939, 92, 90, 89, 93]","[1697462611569, 1697462614414, 1697462614504, 1697462614578, 1697462615517, 1697462615609, 1697462615699, 1697462615788, 1697462615881]"
157,581,1,[],200,EleutherAI/gpt-neox-20b,32,1,3983.0,1.0,4,T4,1697462614418,1697462618401.0,120,47.0,20.0,"[10, 1088, 93, 90, 89, 93, 183, 568, 106, 91, 99, 103, 679, 94, 95, 99, 97, 107, 93, 106]","[1697462614428, 1697462615516, 1697462615609, 1697462615699, 1697462615788, 1697462615881, 1697462616064, 1697462616632, 1697462616738, 1697462616829, 1697462616928, 1697462617031, 1697462617710, 1697462617804, 1697462617899, 1697462617998, 1697462618095, 1697462618202, 1697462618295, 1697462618401]"
158,413,2,[],200,EleutherAI/gpt-neox-20b,32,1,13935.0,1.0,4,T4,1697462615885,1697462629820.0,120,244.0,50.0,"[11, 3006, 94, 94, 93, 93, 94, 1117, 93, 92, 104, 90, 529, 92, 92, 105, 384, 91, 104, 89, 526, 89, 89, 527, 99, 705, 103, 92, 101, 87, 86, 949, 709, 91, 107, 105, 85, 85, 922, 110, 94, 104, 101, 88, 915, 95, 93, 106, 103, 102]","[1697462615896, 1697462618902, 1697462618996, 1697462619090, 1697462619183, 1697462619276, 1697462619370, 1697462620487, 1697462620580, 1697462620672, 1697462620776, 1697462620866, 1697462621395, 1697462621487, 1697462621579, 1697462621684, 1697462622068, 1697462622159, 1697462622263, 1697462622352, 1697462622878, 1697462622967, 1697462623056, 1697462623583, 1697462623682, 1697462624387, 1697462624490, 1697462624582, 1697462624683, 1697462624770, 1697462624856, 1697462625805, 1697462626514, 1697462626605, 1697462626712, 1697462626817, 1697462626902, 1697462626987, 1697462627909, 1697462628019, 1697462628113, 1697462628217, 1697462628318, 1697462628406, 1697462629321, 1697462629416, 1697462629509, 1697462629615, 1697462629718, 1697462629820]"
159,449,14,[],200,EleutherAI/gpt-neox-20b,32,1,4548.0,1.0,4,T4,1697462664051,1697462668599.0,120,86.0,20.0,"[5, 889, 99, 97, 97, 110, 108, 93, 385, 103, 806, 95, 107, 89, 90, 89, 90, 89, 565, 542]","[1697462664056, 1697462664945, 1697462665044, 1697462665141, 1697462665238, 1697462665348, 1697462665456, 1697462665549, 1697462665934, 1697462666037, 1697462666843, 1697462666938, 1697462667045, 1697462667134, 1697462667224, 1697462667313, 1697462667403, 1697462667492, 1697462668057, 1697462668599]"
160,98,4,[],200,EleutherAI/gpt-neox-20b,32,1,1191.0,1.0,4,T4,1697462617614,1697462618805.0,120,14.0,1.0,"[16, 1175]","[1697462617630, 1697462618805]"
161,852,5,[],200,EleutherAI/gpt-neox-20b,32,1,6048.0,1.0,4,T4,1697462618808,1697462624856.0,120,100.0,20.0,"[21, 2565, 93, 92, 105, 384, 92, 103, 89, 526, 89, 89, 527, 99, 705, 103, 92, 101, 87, 86]","[1697462618829, 1697462621394, 1697462621487, 1697462621579, 1697462621684, 1697462622068, 1697462622160, 1697462622263, 1697462622352, 1697462622878, 1697462622967, 1697462623056, 1697462623583, 1697462623682, 1697462624387, 1697462624490, 1697462624582, 1697462624683, 1697462624770, 1697462624856]"
162,494,10,[],200,EleutherAI/gpt-neox-20b,32,1,3927.0,1.0,4,T4,1697462638688,1697462642615.0,120,6.0,10.0,"[18, 2331, 108, 95, 89, 92, 99, 90, 90, 915]","[1697462638706, 1697462641037, 1697462641145, 1697462641240, 1697462641329, 1697462641421, 1697462641520, 1697462641610, 1697462641700, 1697462642615]"
163,206,8,[],200,EleutherAI/gpt-neox-20b,32,1,1968.0,1.0,4,T4,1697462638209,1697462640177.0,120,16.0,1.0,"[6, 1961]","[1697462638215, 1697462640176]"
164,922,3,[],200,EleutherAI/gpt-neox-20b,32,1,6245.0,1.0,4,T4,1697462622161,1697462628406.0,120,91.0,20.0,"[13, 2213, 103, 91, 102, 87, 87, 948, 709, 91, 107, 105, 85, 86, 921, 111, 93, 104, 101, 88]","[1697462622174, 1697462624387, 1697462624490, 1697462624581, 1697462624683, 1697462624770, 1697462624857, 1697462625805, 1697462626514, 1697462626605, 1697462626712, 1697462626817, 1697462626902, 1697462626988, 1697462627909, 1697462628020, 1697462628113, 1697462628217, 1697462628318, 1697462628406]"
165,749,5,[],200,EleutherAI/gpt-neox-20b,32,1,4880.0,1.0,4,T4,1697462638211,1697462643091.0,120,47.0,20.0,"[8, 2064, 104, 88, 89, 89, 384, 109, 94, 89, 91, 100, 89, 91, 915, 108, 92, 92, 92, 92]","[1697462638219, 1697462640283, 1697462640387, 1697462640475, 1697462640564, 1697462640653, 1697462641037, 1697462641146, 1697462641240, 1697462641329, 1697462641420, 1697462641520, 1697462641609, 1697462641700, 1697462642615, 1697462642723, 1697462642815, 1697462642907, 1697462642999, 1697462643091]"
166,417,6,[],200,EleutherAI/gpt-neox-20b,32,1,3350.0,1.0,4,T4,1697462622356,1697462625706.0,120,17.0,1.0,"[18, 3332]","[1697462622374, 1697462625706]"
167,837,4,[],200,EleutherAI/gpt-neox-20b,32,1,6463.0,1.0,4,T4,1697462628409,1697462634872.0,120,85.0,20.0,"[6, 2058, 96, 84, 84, 952, 108, 102, 97, 1062, 111, 98, 111, 106, 104, 893, 105, 91, 104, 91]","[1697462628415, 1697462630473, 1697462630569, 1697462630653, 1697462630737, 1697462631689, 1697462631797, 1697462631899, 1697462631996, 1697462633058, 1697462633169, 1697462633267, 1697462633378, 1697462633484, 1697462633588, 1697462634481, 1697462634586, 1697462634677, 1697462634781, 1697462634872]"
168,241,7,[],200,EleutherAI/gpt-neox-20b,32,1,708.0,1.0,4,T4,1697462625707,1697462626415.0,120,19.0,1.0,"[7, 701]","[1697462625714, 1697462626415]"
169,186,8,[],200,EleutherAI/gpt-neox-20b,32,1,8063.0,1.0,4,T4,1697462626418,1697462634481.0,120,123.0,22.0,"[21, 2883, 94, 93, 106, 103, 102, 653, 96, 84, 84, 952, 108, 102, 97, 1061, 113, 97, 111, 106, 104, 893]","[1697462626439, 1697462629322, 1697462629416, 1697462629509, 1697462629615, 1697462629718, 1697462629820, 1697462630473, 1697462630569, 1697462630653, 1697462630737, 1697462631689, 1697462631797, 1697462631899, 1697462631996, 1697462633057, 1697462633170, 1697462633267, 1697462633378, 1697462633484, 1697462633588, 1697462634481]"
170,910,1,[],200,EleutherAI/gpt-neox-20b,32,1,997.0,1.0,4,T4,1697462614421,1697462615418.0,120,8.0,1.0,"[21, 976]","[1697462614442, 1697462615418]"
171,738,2,[],200,EleutherAI/gpt-neox-20b,32,1,2675.0,1.0,4,T4,1697462615421,1697462618096.0,120,79.0,6.0,"[9, 2280, 94, 95, 99, 98]","[1697462615430, 1697462617710, 1697462617804, 1697462617899, 1697462617998, 1697462618096]"
172,430,3,[],200,EleutherAI/gpt-neox-20b,32,1,1912.0,1.0,4,T4,1697462620870,1697462622782.0,120,15.0,1.0,"[13, 1899]","[1697462620883, 1697462622782]"
173,563,3,[],200,EleutherAI/gpt-neox-20b,32,1,5484.0,1.0,4,T4,1697462618099,1697462623583.0,120,874.0,18.0,"[15, 2373, 93, 92, 104, 90, 528, 93, 92, 105, 384, 91, 104, 89, 526, 89, 89, 527]","[1697462618114, 1697462620487, 1697462620580, 1697462620672, 1697462620776, 1697462620866, 1697462621394, 1697462621487, 1697462621579, 1697462621684, 1697462622068, 1697462622159, 1697462622263, 1697462622352, 1697462622878, 1697462622967, 1697462623056, 1697462623583]"
174,286,4,[],200,EleutherAI/gpt-neox-20b,32,1,3881.0,1.0,4,T4,1697462627809,1697462631690.0,120,161.0,12.0,"[12, 1501, 94, 93, 106, 103, 102, 653, 96, 84, 84, 953]","[1697462627821, 1697462629322, 1697462629416, 1697462629509, 1697462629615, 1697462629718, 1697462629820, 1697462630473, 1697462630569, 1697462630653, 1697462630737, 1697462631690]"
175,749,5,[],200,EleutherAI/gpt-neox-20b,32,1,5359.0,1.0,4,T4,1697462629513,1697462634872.0,120,47.0,20.0,"[7, 953, 96, 84, 84, 952, 108, 102, 96, 1062, 112, 98, 111, 106, 104, 893, 105, 91, 104, 91]","[1697462629520, 1697462630473, 1697462630569, 1697462630653, 1697462630737, 1697462631689, 1697462631797, 1697462631899, 1697462631995, 1697462633057, 1697462633169, 1697462633267, 1697462633378, 1697462633484, 1697462633588, 1697462634481, 1697462634586, 1697462634677, 1697462634781, 1697462634872]"
176,31,2,[],200,EleutherAI/gpt-neox-20b,32,1,5369.0,1.0,4,T4,1697462628116,1697462633485.0,120,84.0,20.0,"[12, 1193, 95, 93, 106, 103, 102, 653, 96, 84, 84, 952, 108, 102, 97, 1061, 112, 98, 111, 106]","[1697462628128, 1697462629321, 1697462629416, 1697462629509, 1697462629615, 1697462629718, 1697462629820, 1697462630473, 1697462630569, 1697462630653, 1697462630737, 1697462631689, 1697462631797, 1697462631899, 1697462631996, 1697462633057, 1697462633169, 1697462633267, 1697462633378, 1697462633484]"
177,235,5,[],200,EleutherAI/gpt-neox-20b,32,1,2967.0,1.0,4,T4,1697462631905,1697462634872.0,120,161.0,12.0,"[16, 1136, 112, 98, 111, 106, 104, 893, 105, 91, 104, 91]","[1697462631921, 1697462633057, 1697462633169, 1697462633267, 1697462633378, 1697462633484, 1697462633588, 1697462634481, 1697462634586, 1697462634677, 1697462634781, 1697462634872]"
178,11,9,[],200,EleutherAI/gpt-neox-20b,32,1,3925.0,1.0,4,T4,1697462634484,1697462638409.0,120,732.0,17.0,"[5, 1360, 96, 107, 104, 101, 801, 95, 95, 107, 92, 91, 92, 104, 474, 108, 93]","[1697462634489, 1697462635849, 1697462635945, 1697462636052, 1697462636156, 1697462636257, 1697462637058, 1697462637153, 1697462637248, 1697462637355, 1697462637447, 1697462637538, 1697462637630, 1697462637734, 1697462638208, 1697462638316, 1697462638409]"
179,550,2,[],200,EleutherAI/gpt-neox-20b,32,1,5573.0,1.0,4,T4,1697462627912,1697462633485.0,120,91.0,20.0,"[6, 1404, 94, 93, 106, 103, 102, 653, 96, 84, 84, 952, 108, 102, 96, 1062, 113, 97, 111, 106]","[1697462627918, 1697462629322, 1697462629416, 1697462629509, 1697462629615, 1697462629718, 1697462629820, 1697462630473, 1697462630569, 1697462630653, 1697462630737, 1697462631689, 1697462631797, 1697462631899, 1697462631995, 1697462633057, 1697462633170, 1697462633267, 1697462633378, 1697462633484]"
180,378,3,[],200,EleutherAI/gpt-neox-20b,32,1,10107.0,1.0,4,T4,1697462633488,1697462643595.0,120,93.0,47.0,"[21, 972, 105, 91, 104, 91, 977, 96, 107, 104, 101, 801, 95, 95, 106, 93, 91, 92, 104, 473, 109, 92, 101, 88, 87, 1599, 104, 88, 89, 89, 384, 108, 95, 89, 92, 99, 90, 90, 915, 108, 92, 92, 92, 92, 308, 91, 105]","[1697462633509, 1697462634481, 1697462634586, 1697462634677, 1697462634781, 1697462634872, 1697462635849, 1697462635945, 1697462636052, 1697462636156, 1697462636257, 1697462637058, 1697462637153, 1697462637248, 1697462637354, 1697462637447, 1697462637538, 1697462637630, 1697462637734, 1697462638207, 1697462638316, 1697462638408, 1697462638509, 1697462638597, 1697462638684, 1697462640283, 1697462640387, 1697462640475, 1697462640564, 1697462640653, 1697462641037, 1697462641145, 1697462641240, 1697462641329, 1697462641421, 1697462641520, 1697462641610, 1697462641700, 1697462642615, 1697462642723, 1697462642815, 1697462642907, 1697462642999, 1697462643091, 1697462643399, 1697462643490, 1697462643595]"
181,775,10,[],200,EleutherAI/gpt-neox-20b,32,1,2524.0,1.0,4,T4,1697462638413,1697462640937.0,120,17.0,1.0,"[16, 2508]","[1697462638429, 1697462640937]"
182,600,11,[],200,EleutherAI/gpt-neox-20b,32,1,1573.0,1.0,4,T4,1697462640940,1697462642513.0,120,23.0,1.0,"[6, 1567]","[1697462640946, 1697462642513]"
183,547,12,[],200,EleutherAI/gpt-neox-20b,32,1,1794.0,1.0,4,T4,1697462642516,1697462644310.0,120,12.0,1.0,"[12, 1782]","[1697462642528, 1697462644310]"
184,207,9,[],200,EleutherAI/gpt-neox-20b,32,1,2078.0,1.0,4,T4,1697462644983,1697462647061.0,120,10.0,1.0,"[12, 2066]","[1697462644995, 1697462647061]"
185,368,13,[],200,EleutherAI/gpt-neox-20b,32,1,5847.0,1.0,4,T4,1697462644313,1697462650160.0,120,88.0,20.0,"[17, 1672, 95, 96, 104, 90, 102, 671, 93, 94, 93, 94, 103, 928, 102, 98, 86, 1117, 96, 96]","[1697462644330, 1697462646002, 1697462646097, 1697462646193, 1697462646297, 1697462646387, 1697462646489, 1697462647160, 1697462647253, 1697462647347, 1697462647440, 1697462647534, 1697462647637, 1697462648565, 1697462648667, 1697462648765, 1697462648851, 1697462649968, 1697462650064, 1697462650160]"
186,262,4,[],200,EleutherAI/gpt-neox-20b,32,1,2919.0,1.0,4,T4,1697462622787,1697462625706.0,120,39.0,1.0,"[19, 2900]","[1697462622806, 1697462625706]"
187,29,10,[],200,EleutherAI/gpt-neox-20b,32,1,3311.0,1.0,4,T4,1697462647065,1697462650376.0,120,161.0,6.0,"[6, 2897, 96, 96, 109, 107]","[1697462647071, 1697462649968, 1697462650064, 1697462650160, 1697462650269, 1697462650376]"
188,906,11,[],200,EleutherAI/gpt-neox-20b,32,1,6779.0,1.0,4,T4,1697462650379,1697462657158.0,120,86.0,20.0,"[15, 1759, 100, 110, 98, 97, 102, 930, 109, 105, 100, 87, 1262, 105, 104, 91, 1294, 108, 108, 94]","[1697462650394, 1697462652153, 1697462652253, 1697462652363, 1697462652461, 1697462652558, 1697462652660, 1697462653590, 1697462653699, 1697462653804, 1697462653904, 1697462653991, 1697462655253, 1697462655358, 1697462655462, 1697462655553, 1697462656847, 1697462656955, 1697462657063, 1697462657157]"
189,86,5,[],200,EleutherAI/gpt-neox-20b,32,1,5029.0,1.0,4,T4,1697462625708,1697462630737.0,120,335.0,17.0,"[17, 2184, 111, 93, 104, 101, 88, 915, 95, 93, 106, 103, 101, 654, 96, 84, 84]","[1697462625725, 1697462627909, 1697462628020, 1697462628113, 1697462628217, 1697462628318, 1697462628406, 1697462629321, 1697462629416, 1697462629509, 1697462629615, 1697462629718, 1697462629819, 1697462630473, 1697462630569, 1697462630653, 1697462630737]"
190,176,1,[],200,EleutherAI/gpt-neox-20b,32,1,2215.0,1.0,4,T4,1697462614418,1697462616633.0,120,216.0,2.0,"[14, 2200]","[1697462614432, 1697462616632]"
191,928,2,[],200,EleutherAI/gpt-neox-20b,32,1,973.0,1.0,4,T4,1697462616637,1697462617610.0,120,20.0,1.0,"[7, 966]","[1697462616644, 1697462617610]"
192,756,3,[],200,EleutherAI/gpt-neox-20b,32,1,1191.0,1.0,4,T4,1697462617614,1697462618805.0,120,19.0,1.0,"[13, 1177]","[1697462617627, 1697462618804]"
193,697,4,[],200,EleutherAI/gpt-neox-20b,32,1,2879.0,1.0,4,T4,1697462618806,1697462621685.0,120,123.0,10.0,"[13, 1668, 93, 92, 105, 89, 528, 93, 92, 105]","[1697462618819, 1697462620487, 1697462620580, 1697462620672, 1697462620777, 1697462620866, 1697462621394, 1697462621487, 1697462621579, 1697462621684]"
194,38,6,[],200,EleutherAI/gpt-neox-20b,32,1,6508.0,1.0,4,T4,1697462630740,1697462637248.0,120,88.0,20.0,"[14, 2303, 112, 98, 111, 106, 104, 893, 105, 91, 104, 91, 977, 97, 106, 104, 101, 801, 95, 95]","[1697462630754, 1697462633057, 1697462633169, 1697462633267, 1697462633378, 1697462633484, 1697462633588, 1697462634481, 1697462634586, 1697462634677, 1697462634781, 1697462634872, 1697462635849, 1697462635946, 1697462636052, 1697462636156, 1697462636257, 1697462637058, 1697462637153, 1697462637248]"
195,705,12,[],200,EleutherAI/gpt-neox-20b,32,1,8078.0,1.0,4,T4,1697462657160,1697462665238.0,120,79.0,27.0,"[20, 2697, 113, 110, 95, 94, 106, 476, 90, 100, 88, 87, 1172, 104, 100, 1024, 110, 97, 96, 108, 107, 93, 91, 607, 99, 97, 97]","[1697462657180, 1697462659877, 1697462659990, 1697462660100, 1697462660195, 1697462660289, 1697462660395, 1697462660871, 1697462660961, 1697462661061, 1697462661149, 1697462661236, 1697462662408, 1697462662512, 1697462662612, 1697462663636, 1697462663746, 1697462663843, 1697462663939, 1697462664047, 1697462664154, 1697462664247, 1697462664338, 1697462664945, 1697462665044, 1697462665141, 1697462665238]"
196,200,14,[],200,EleutherAI/gpt-neox-20b,32,1,3538.0,1.0,4,T4,1697462650161,1697462653699.0,120,6.0,9.0,"[14, 1978, 100, 110, 98, 97, 102, 930, 109]","[1697462650175, 1697462652153, 1697462652253, 1697462652363, 1697462652461, 1697462652558, 1697462652660, 1697462653590, 1697462653699]"
197,235,5,[],200,EleutherAI/gpt-neox-20b,32,1,3178.0,1.0,4,T4,1697462631694,1697462634872.0,120,161.0,12.0,"[6, 1357, 113, 97, 111, 106, 104, 893, 105, 91, 104, 91]","[1697462631700, 1697462633057, 1697462633170, 1697462633267, 1697462633378, 1697462633484, 1697462633588, 1697462634481, 1697462634586, 1697462634677, 1697462634781, 1697462634872]"
198,777,9,[],200,EleutherAI/gpt-neox-20b,32,1,902.0,1.0,4,T4,1697462636056,1697462636958.0,120,9.0,1.0,"[11, 891]","[1697462636067, 1697462636958]"
199,57,6,[],200,EleutherAI/gpt-neox-20b,32,1,2081.0,1.0,4,T4,1697462634877,1697462636958.0,120,13.0,1.0,"[21, 2060]","[1697462634898, 1697462636958]"
200,116,15,[],200,EleutherAI/gpt-neox-20b,32,1,1450.0,1.0,4,T4,1697462653703,1697462655153.0,120,23.0,1.0,"[5, 1444]","[1697462653708, 1697462655152]"
201,817,7,[],200,EleutherAI/gpt-neox-20b,32,1,4739.0,1.0,4,T4,1697462636962,1697462641701.0,120,86.0,20.0,"[17, 1229, 108, 92, 101, 88, 87, 1600, 102, 89, 89, 89, 384, 108, 95, 89, 92, 99, 89, 91]","[1697462636979, 1697462638208, 1697462638316, 1697462638408, 1697462638509, 1697462638597, 1697462638684, 1697462640284, 1697462640386, 1697462640475, 1697462640564, 1697462640653, 1697462641037, 1697462641145, 1697462641240, 1697462641329, 1697462641421, 1697462641520, 1697462641609, 1697462641700]"
202,878,16,[],200,EleutherAI/gpt-neox-20b,32,1,5241.0,1.0,4,T4,1697462655154,1697462660395.0,120,83.0,20.0,"[12, 1681, 108, 108, 94, 98, 1149, 98, 98, 98, 114, 107, 94, 94, 769, 114, 110, 95, 94, 106]","[1697462655166, 1697462656847, 1697462656955, 1697462657063, 1697462657157, 1697462657255, 1697462658404, 1697462658502, 1697462658600, 1697462658698, 1697462658812, 1697462658919, 1697462659013, 1697462659107, 1697462659876, 1697462659990, 1697462660100, 1697462660195, 1697462660289, 1697462660395]"
203,606,10,[],200,EleutherAI/gpt-neox-20b,32,1,1147.0,1.0,4,T4,1697462636960,1697462638107.0,120,9.0,1.0,"[14, 1133]","[1697462636974, 1697462638107]"
204,38,9,[],200,EleutherAI/gpt-neox-20b,32,1,6013.0,1.0,4,T4,1697462640180,1697462646193.0,120,88.0,20.0,"[17, 2418, 108, 92, 92, 92, 92, 308, 92, 104, 815, 94, 107, 102, 89, 89, 89, 1022, 95, 96]","[1697462640197, 1697462642615, 1697462642723, 1697462642815, 1697462642907, 1697462642999, 1697462643091, 1697462643399, 1697462643491, 1697462643595, 1697462644410, 1697462644504, 1697462644611, 1697462644713, 1697462644802, 1697462644891, 1697462644980, 1697462646002, 1697462646097, 1697462646193]"
205,326,11,[],200,EleutherAI/gpt-neox-20b,32,1,4916.0,1.0,4,T4,1697462642618,1697462647534.0,120,345.0,12.0,"[10, 3374, 96, 95, 104, 89, 103, 671, 93, 94, 93, 94]","[1697462642628, 1697462646002, 1697462646098, 1697462646193, 1697462646297, 1697462646386, 1697462646489, 1697462647160, 1697462647253, 1697462647347, 1697462647440, 1697462647534]"
206,548,11,[],200,EleutherAI/gpt-neox-20b,32,1,4983.0,1.0,4,T4,1697462638108,1697462643091.0,120,86.0,20.0,"[6, 2169, 104, 88, 89, 89, 384, 109, 94, 89, 91, 100, 89, 91, 915, 108, 92, 92, 92, 92]","[1697462638114, 1697462640283, 1697462640387, 1697462640475, 1697462640564, 1697462640653, 1697462641037, 1697462641146, 1697462641240, 1697462641329, 1697462641420, 1697462641520, 1697462641609, 1697462641700, 1697462642615, 1697462642723, 1697462642815, 1697462642907, 1697462642999, 1697462643091]"
207,413,2,[],200,EleutherAI/gpt-neox-20b,32,1,13393.0,1.0,4,T4,1697462618405,1697462631798.0,120,244.0,50.0,"[11, 2071, 93, 92, 105, 89, 529, 92, 92, 105, 384, 91, 104, 89, 526, 89, 89, 527, 99, 705, 103, 92, 101, 87, 86, 949, 709, 91, 107, 105, 85, 85, 922, 111, 93, 104, 101, 88, 916, 94, 93, 106, 103, 102, 653, 96, 84, 84, 952, 108]","[1697462618416, 1697462620487, 1697462620580, 1697462620672, 1697462620777, 1697462620866, 1697462621395, 1697462621487, 1697462621579, 1697462621684, 1697462622068, 1697462622159, 1697462622263, 1697462622352, 1697462622878, 1697462622967, 1697462623056, 1697462623583, 1697462623682, 1697462624387, 1697462624490, 1697462624582, 1697462624683, 1697462624770, 1697462624856, 1697462625805, 1697462626514, 1697462626605, 1697462626712, 1697462626817, 1697462626902, 1697462626987, 1697462627909, 1697462628020, 1697462628113, 1697462628217, 1697462628318, 1697462628406, 1697462629322, 1697462629416, 1697462629509, 1697462629615, 1697462629718, 1697462629820, 1697462630473, 1697462630569, 1697462630653, 1697462630737, 1697462631689, 1697462631797]"
208,640,8,[],200,EleutherAI/gpt-neox-20b,32,1,2606.0,1.0,4,T4,1697462641704,1697462644310.0,120,15.0,1.0,"[17, 2589]","[1697462641721, 1697462644310]"
209,593,9,[],200,EleutherAI/gpt-neox-20b,32,1,4356.0,1.0,4,T4,1697462644312,1697462648668.0,120,335.0,9.0,"[14, 2834, 94, 92, 94, 93, 104, 928, 102]","[1697462644326, 1697462647160, 1697462647254, 1697462647346, 1697462647440, 1697462647533, 1697462647637, 1697462648565, 1697462648667]"
210,384,12,[],200,EleutherAI/gpt-neox-20b,32,1,4543.0,1.0,4,T4,1697462643094,1697462647637.0,120,92.0,20.0,"[13, 1302, 95, 107, 102, 89, 89, 89, 1022, 96, 95, 104, 90, 102, 671, 94, 92, 94, 94, 103]","[1697462643107, 1697462644409, 1697462644504, 1697462644611, 1697462644713, 1697462644802, 1697462644891, 1697462644980, 1697462646002, 1697462646098, 1697462646193, 1697462646297, 1697462646387, 1697462646489, 1697462647160, 1697462647254, 1697462647346, 1697462647440, 1697462647534, 1697462647637]"
211,504,5,[],200,EleutherAI/gpt-neox-20b,32,1,6719.0,1.0,4,T4,1697462621687,1697462628406.0,120,58.0,20.0,"[17, 2683, 103, 91, 102, 87, 87, 948, 709, 91, 107, 105, 85, 86, 921, 111, 93, 104, 101, 88]","[1697462621704, 1697462624387, 1697462624490, 1697462624581, 1697462624683, 1697462624770, 1697462624857, 1697462625805, 1697462626514, 1697462626605, 1697462626712, 1697462626817, 1697462626902, 1697462626988, 1697462627909, 1697462628020, 1697462628113, 1697462628217, 1697462628318, 1697462628406]"
212,669,5,[],200,EleutherAI/gpt-neox-20b,32,1,5778.0,1.0,4,T4,1697462634875,1697462640653.0,120,83.0,20.0,"[14, 2170, 94, 95, 106, 93, 91, 92, 103, 474, 109, 93, 100, 88, 88, 1598, 103, 89, 89, 89]","[1697462634889, 1697462637059, 1697462637153, 1697462637248, 1697462637354, 1697462637447, 1697462637538, 1697462637630, 1697462637733, 1697462638207, 1697462638316, 1697462638409, 1697462638509, 1697462638597, 1697462638685, 1697462640283, 1697462640386, 1697462640475, 1697462640564, 1697462640653]"
213,418,10,[],200,EleutherAI/gpt-neox-20b,32,1,2370.0,1.0,4,T4,1697462648669,1697462651039.0,120,286.0,3.0,"[13, 2261, 96]","[1697462648682, 1697462650943, 1697462651039]"
214,894,3,[],200,EleutherAI/gpt-neox-20b,32,1,705.0,1.0,4,T4,1697462618099,1697462618804.0,120,14.0,1.0,"[13, 692]","[1697462618112, 1697462618804]"
215,424,9,[],200,EleutherAI/gpt-neox-20b,32,1,6115.0,1.0,4,T4,1697462651042,1697462657157.0,120,88.0,20.0,"[13, 1098, 100, 110, 98, 97, 102, 930, 109, 105, 100, 87, 1262, 105, 104, 91, 1293, 109, 108, 94]","[1697462651055, 1697462652153, 1697462652253, 1697462652363, 1697462652461, 1697462652558, 1697462652660, 1697462653590, 1697462653699, 1697462653804, 1697462653904, 1697462653991, 1697462655253, 1697462655358, 1697462655462, 1697462655553, 1697462656846, 1697462656955, 1697462657063, 1697462657157]"
216,246,11,[],200,EleutherAI/gpt-neox-20b,32,1,12897.0,1.0,4,T4,1697462651042,1697462663939.0,120,58.0,47.0,"[16, 1095, 100, 110, 98, 97, 102, 930, 109, 105, 100, 87, 1262, 105, 104, 91, 1294, 108, 108, 94, 98, 1149, 99, 97, 98, 114, 107, 94, 94, 769, 114, 110, 95, 94, 105, 477, 90, 100, 88, 87, 1172, 104, 100, 1024, 110, 97, 96]","[1697462651058, 1697462652153, 1697462652253, 1697462652363, 1697462652461, 1697462652558, 1697462652660, 1697462653590, 1697462653699, 1697462653804, 1697462653904, 1697462653991, 1697462655253, 1697462655358, 1697462655462, 1697462655553, 1697462656847, 1697462656955, 1697462657063, 1697462657157, 1697462657255, 1697462658404, 1697462658503, 1697462658600, 1697462658698, 1697462658812, 1697462658919, 1697462659013, 1697462659107, 1697462659876, 1697462659990, 1697462660100, 1697462660195, 1697462660289, 1697462660394, 1697462660871, 1697462660961, 1697462661061, 1697462661149, 1697462661236, 1697462662408, 1697462662512, 1697462662612, 1697462663636, 1697462663746, 1697462663843, 1697462663939]"
217,515,4,[],200,EleutherAI/gpt-neox-20b,32,1,2119.0,1.0,4,T4,1697462623587,1697462625706.0,120,11.0,1.0,"[15, 2104]","[1697462623602, 1697462625706]"
218,724,4,[],200,EleutherAI/gpt-neox-20b,32,1,1583.0,1.0,4,T4,1697462618806,1697462620389.0,120,11.0,1.0,"[16, 1566]","[1697462618822, 1697462620388]"
219,340,5,[],200,EleutherAI/gpt-neox-20b,32,1,4764.0,1.0,4,T4,1697462625709,1697462630473.0,120,85.0,20.0,"[10, 795, 91, 107, 105, 85, 86, 921, 111, 93, 104, 101, 88, 916, 94, 93, 106, 103, 101, 654]","[1697462625719, 1697462626514, 1697462626605, 1697462626712, 1697462626817, 1697462626902, 1697462626988, 1697462627909, 1697462628020, 1697462628113, 1697462628217, 1697462628318, 1697462628406, 1697462629322, 1697462629416, 1697462629509, 1697462629615, 1697462629718, 1697462629819, 1697462630473]"
220,641,5,[],200,EleutherAI/gpt-neox-20b,32,1,14481.0,1.0,4,T4,1697462620391,1697462634872.0,120,16.0,50.0,"[7, 2480, 89, 89, 527, 99, 705, 103, 91, 102, 87, 86, 949, 709, 91, 107, 105, 85, 85, 922, 111, 93, 104, 101, 88, 916, 94, 93, 106, 103, 102, 653, 96, 84, 84, 952, 108, 102, 96, 1062, 113, 97, 111, 106, 104, 893, 105, 91, 104, 91]","[1697462620398, 1697462622878, 1697462622967, 1697462623056, 1697462623583, 1697462623682, 1697462624387, 1697462624490, 1697462624581, 1697462624683, 1697462624770, 1697462624856, 1697462625805, 1697462626514, 1697462626605, 1697462626712, 1697462626817, 1697462626902, 1697462626987, 1697462627909, 1697462628020, 1697462628113, 1697462628217, 1697462628318, 1697462628406, 1697462629322, 1697462629416, 1697462629509, 1697462629615, 1697462629718, 1697462629820, 1697462630473, 1697462630569, 1697462630653, 1697462630737, 1697462631689, 1697462631797, 1697462631899, 1697462631995, 1697462633057, 1697462633170, 1697462633267, 1697462633378, 1697462633484, 1697462633588, 1697462634481, 1697462634586, 1697462634677, 1697462634781, 1697462634872]"
221,169,6,[],200,EleutherAI/gpt-neox-20b,32,1,1115.0,1.0,4,T4,1697462630475,1697462631590.0,120,10.0,1.0,"[12, 1102]","[1697462630487, 1697462631589]"
222,803,6,[],200,EleutherAI/gpt-neox-20b,32,1,1557.0,1.0,4,T4,1697462624858,1697462626415.0,120,20.0,1.0,"[16, 1541]","[1697462624874, 1697462626415]"
223,921,7,[],200,EleutherAI/gpt-neox-20b,32,1,1354.0,1.0,4,T4,1697462631594,1697462632948.0,120,31.0,1.0,"[21, 1333]","[1697462631615, 1697462632948]"
224,865,8,[],200,EleutherAI/gpt-neox-20b,32,1,1431.0,1.0,4,T4,1697462632952,1697462634383.0,120,9.0,1.0,"[17, 1414]","[1697462632969, 1697462634383]"
225,627,7,[],200,EleutherAI/gpt-neox-20b,32,1,5481.0,1.0,4,T4,1697462626418,1697462631899.0,120,93.0,20.0,"[15, 1476, 111, 93, 104, 101, 88, 916, 94, 93, 106, 103, 102, 653, 96, 84, 84, 953, 107, 102]","[1697462626433, 1697462627909, 1697462628020, 1697462628113, 1697462628217, 1697462628318, 1697462628406, 1697462629322, 1697462629416, 1697462629509, 1697462629615, 1697462629718, 1697462629820, 1697462630473, 1697462630569, 1697462630653, 1697462630737, 1697462631690, 1697462631797, 1697462631899]"
226,672,9,[],200,EleutherAI/gpt-neox-20b,32,1,4301.0,1.0,4,T4,1697462634384,1697462638685.0,120,93.0,20.0,"[12, 1453, 96, 107, 104, 101, 801, 95, 95, 106, 93, 91, 92, 104, 474, 108, 93, 100, 87, 89]","[1697462634396, 1697462635849, 1697462635945, 1697462636052, 1697462636156, 1697462636257, 1697462637058, 1697462637153, 1697462637248, 1697462637354, 1697462637447, 1697462637538, 1697462637630, 1697462637734, 1697462638208, 1697462638316, 1697462638409, 1697462638509, 1697462638596, 1697462638685]"
227,791,7,[],200,EleutherAI/gpt-neox-20b,32,1,15001.0,1.0,4,T4,1697462637252,1697462652253.0,120,182.0,64.0,"[6, 950, 108, 92, 101, 87, 88, 1600, 103, 88, 89, 89, 384, 108, 95, 89, 92, 99, 89, 91, 914, 109, 92, 92, 92, 92, 308, 92, 104, 815, 94, 107, 102, 89, 89, 89, 1022, 95, 96, 104, 90, 102, 671, 94, 92, 94, 93, 104, 928, 103, 97, 86, 1117, 96, 96, 109, 106, 105, 463, 96, 100, 97, 917, 100]","[1697462637258, 1697462638208, 1697462638316, 1697462638408, 1697462638509, 1697462638596, 1697462638684, 1697462640284, 1697462640387, 1697462640475, 1697462640564, 1697462640653, 1697462641037, 1697462641145, 1697462641240, 1697462641329, 1697462641421, 1697462641520, 1697462641609, 1697462641700, 1697462642614, 1697462642723, 1697462642815, 1697462642907, 1697462642999, 1697462643091, 1697462643399, 1697462643491, 1697462643595, 1697462644410, 1697462644504, 1697462644611, 1697462644713, 1697462644802, 1697462644891, 1697462644980, 1697462646002, 1697462646097, 1697462646193, 1697462646297, 1697462646387, 1697462646489, 1697462647160, 1697462647254, 1697462647346, 1697462647440, 1697462647533, 1697462647637, 1697462648565, 1697462648668, 1697462648765, 1697462648851, 1697462649968, 1697462650064, 1697462650160, 1697462650269, 1697462650375, 1697462650480, 1697462650943, 1697462651039, 1697462651139, 1697462651236, 1697462652153, 1697462652253]"
228,497,10,[],200,EleutherAI/gpt-neox-20b,32,1,2346.0,1.0,4,T4,1697462638691,1697462641037.0,120,67.0,2.0,"[23, 2323]","[1697462638714, 1697462641037]"
229,442,11,[],200,EleutherAI/gpt-neox-20b,32,1,6496.0,1.0,4,T4,1697462641038,1697462647534.0,120,39.0,22.0,"[14, 2347, 92, 104, 815, 94, 108, 101, 89, 89, 89, 1022, 96, 95, 104, 89, 103, 671, 94, 92, 94, 94]","[1697462641052, 1697462643399, 1697462643491, 1697462643595, 1697462644410, 1697462644504, 1697462644612, 1697462644713, 1697462644802, 1697462644891, 1697462644980, 1697462646002, 1697462646098, 1697462646193, 1697462646297, 1697462646386, 1697462646489, 1697462647160, 1697462647254, 1697462647346, 1697462647440, 1697462647534]"
230,558,1,[],200,EleutherAI/gpt-neox-20b,32,1,6446.0,1.0,4,T4,1697462614421,1697462620867.0,120,58.0,20.0,"[33, 3256, 94, 95, 99, 98, 106, 93, 106, 501, 94, 94, 93, 93, 94, 1117, 93, 92, 104, 90]","[1697462614454, 1697462617710, 1697462617804, 1697462617899, 1697462617998, 1697462618096, 1697462618202, 1697462618295, 1697462618401, 1697462618902, 1697462618996, 1697462619090, 1697462619183, 1697462619276, 1697462619370, 1697462620487, 1697462620580, 1697462620672, 1697462620776, 1697462620866]"
231,761,7,[],200,EleutherAI/gpt-neox-20b,32,1,6213.0,1.0,4,T4,1697462641424,1697462647637.0,120,85.0,20.0,"[12, 2974, 94, 107, 102, 89, 88, 90, 1022, 96, 95, 104, 90, 102, 671, 94, 93, 93, 93, 104]","[1697462641436, 1697462644410, 1697462644504, 1697462644611, 1697462644713, 1697462644802, 1697462644890, 1697462644980, 1697462646002, 1697462646098, 1697462646193, 1697462646297, 1697462646387, 1697462646489, 1697462647160, 1697462647254, 1697462647347, 1697462647440, 1697462647533, 1697462647637]"
232,578,6,[],200,EleutherAI/gpt-neox-20b,32,1,1216.0,1.0,4,T4,1697462643095,1697462644311.0,120,31.0,1.0,"[15, 1200]","[1697462643110, 1697462644310]"
233,403,7,[],200,EleutherAI/gpt-neox-20b,32,1,4252.0,1.0,4,T4,1697462644313,1697462648565.0,120,874.0,2.0,"[18, 4234]","[1697462644331, 1697462648565]"
234,582,6,[],200,EleutherAI/gpt-neox-20b,32,1,2084.0,1.0,4,T4,1697462634874,1697462636958.0,120,19.0,1.0,"[15, 2069]","[1697462634889, 1697462636958]"
235,238,8,[],200,EleutherAI/gpt-neox-20b,32,1,3991.0,1.0,4,T4,1697462648568,1697462652559.0,120,563.0,6.0,"[14, 3571, 100, 110, 98, 97]","[1697462648582, 1697462652153, 1697462652253, 1697462652363, 1697462652461, 1697462652558]"
236,403,7,[],200,EleutherAI/gpt-neox-20b,32,1,3325.0,1.0,4,T4,1697462636959,1697462640284.0,120,874.0,2.0,"[14, 3310]","[1697462636973, 1697462640283]"
237,387,15,[],200,EleutherAI/gpt-neox-20b,32,1,6755.0,1.0,4,T4,1697462668601,1697462675356.0,120,39.0,27.0,"[9, 3851, 83, 83, 270, 86, 214, 98, 79, 79, 79, 79, 78, 79, 79, 93, 80, 79, 83, 81, 80, 79, 79, 79, 79, 504, 193]","[1697462668610, 1697462672461, 1697462672544, 1697462672627, 1697462672897, 1697462672983, 1697462673197, 1697462673295, 1697462673374, 1697462673453, 1697462673532, 1697462673611, 1697462673689, 1697462673768, 1697462673847, 1697462673940, 1697462674020, 1697462674099, 1697462674182, 1697462674263, 1697462674343, 1697462674422, 1697462674501, 1697462674580, 1697462674659, 1697462675163, 1697462675356]"
238,351,8,[],200,EleutherAI/gpt-neox-20b,32,1,4217.0,1.0,4,T4,1697462640287,1697462644504.0,120,216.0,6.0,"[16, 3096, 92, 104, 815, 94]","[1697462640303, 1697462643399, 1697462643491, 1697462643595, 1697462644410, 1697462644504]"
239,180,9,[],200,EleutherAI/gpt-neox-20b,32,1,4395.0,1.0,4,T4,1697462652561,1697462656956.0,120,123.0,12.0,"[16, 1013, 109, 106, 99, 87, 1262, 105, 104, 91, 1294, 108]","[1697462652577, 1697462653590, 1697462653699, 1697462653805, 1697462653904, 1697462653991, 1697462655253, 1697462655358, 1697462655462, 1697462655553, 1697462656847, 1697462656955]"
240,248,10,[],200,EleutherAI/gpt-neox-20b,32,1,3803.0,1.0,4,T4,1697462657158,1697462660961.0,120,182.0,17.0,"[12, 1234, 99, 97, 98, 114, 107, 94, 94, 769, 114, 110, 95, 94, 105, 477, 90]","[1697462657170, 1697462658404, 1697462658503, 1697462658600, 1697462658698, 1697462658812, 1697462658919, 1697462659013, 1697462659107, 1697462659876, 1697462659990, 1697462660100, 1697462660195, 1697462660289, 1697462660394, 1697462660871, 1697462660961]"
241,536,4,[],200,EleutherAI/gpt-neox-20b,32,1,6084.0,1.0,4,T4,1697462624390,1697462630474.0,120,83.0,20.0,"[16, 2108, 91, 107, 105, 85, 85, 922, 110, 94, 104, 101, 88, 916, 94, 93, 106, 103, 102, 653]","[1697462624406, 1697462626514, 1697462626605, 1697462626712, 1697462626817, 1697462626902, 1697462626987, 1697462627909, 1697462628019, 1697462628113, 1697462628217, 1697462628318, 1697462628406, 1697462629322, 1697462629416, 1697462629509, 1697462629615, 1697462629718, 1697462629820, 1697462630473]"
242,208,13,[],200,EleutherAI/gpt-neox-20b,32,1,6165.0,1.0,4,T4,1697462647640,1697462653805.0,120,96.0,20.0,"[5, 2323, 96, 96, 109, 107, 103, 464, 96, 100, 97, 917, 100, 110, 98, 97, 102, 930, 109, 106]","[1697462647645, 1697462649968, 1697462650064, 1697462650160, 1697462650269, 1697462650376, 1697462650479, 1697462650943, 1697462651039, 1697462651139, 1697462651236, 1697462652153, 1697462652253, 1697462652363, 1697462652461, 1697462652558, 1697462652660, 1697462653590, 1697462653699, 1697462653805]"
243,364,5,[],200,EleutherAI/gpt-neox-20b,32,1,74348.0,1.0,4,T4,1697462630483,1697462704831.0,120,244.0,381.0,"[5, 1201, 108, 102, 97, 1061, 112, 98, 111, 106, 104, 893, 105, 91, 104, 91, 977, 96, 107, 104, 101, 801, 95, 95, 106, 93, 91, 92, 103, 475, 108, 93, 100, 88, 87, 1599, 103, 89, 89, 89, 384, 109, 94, 89, 91, 100, 90, 90, 914, 109, 92, 92, 92, 92, 308, 91, 105, 815, 94, 107, 102, 89, 89, 89, 1022, 96, 95, 104, 90, 102, 671, 93, 93, 94, 93, 104, 928, 102, 98, 86, 1117, 96, 96, 109, 107, 103, 464, 96, 100, 97, 917, 100, 110, 98, 97, 102, 930, 109, 106, 99, 87, 1262, 105, 104, 91, 1294, 108, 108, 94, 98, 1149, 99, 97, 98, 114, 107, 94, 94, 770, 113, 110, 95, 94, 105, 477, 90, 100, 88, 87, 1172, 104, 100, 1024, 110, 97, 96, 108, 107, 93, 91, 606, 100, 97, 97, 110, 108, 93, 385, 103, 806, 95, 107, 89, 90, 89, 90, 89, 565, 543, 105, 198, 91, 91, 88, 100, 87, 88, 88, 88, 90, 88, 88, 90, 98, 84, 82, 82, 845, 155, 84, 84, 84, 84, 97, 83, 83, 85, 90, 87, 83, 191, 83, 83, 270, 86, 213, 99, 79, 79, 79, 79, 78, 79, 79, 93, 80, 79, 83, 81, 80, 79, 79, 79, 79, 504, 193, 94, 81, 81, 82, 79, 81, 80, 81, 84, 90, 672, 86, 96, 82, 84, 82, 82, 82, 82, 82, 83, 219, 517, 83, 83, 82, 83, 85, 87, 253, 82, 84, 82, 80, 720, 297, 90, 89, 90, 97, 94, 81, 453, 479, 82, 82, 81, 82, 668, 90, 89, 89, 96, 251, 98, 84, 83, 88, 80, 794, 89, 100, 81, 88, 89, 89, 88, 373, 97, 394, 104, 88, 911, 99, 753, 96, 95, 96, 106, 91, 101, 88, 88, 89, 90, 90, 736, 90, 94, 496, 102, 94, 700, 106, 92, 92, 93, 92, 92, 92, 235, 96, 102, 88, 98, 87, 766, 93, 107, 91, 91, 503, 104, 89, 89, 94, 798, 105, 91, 103, 92, 271, 106, 101, 94, 79, 893, 106, 92, 92, 102, 413, 96, 107, 309, 104, 614, 96, 108, 110, 99, 94, 107, 694, 108, 103, 91, 90, 89, 101, 100, 88, 88, 879, 94, 96, 613, 95, 93, 108, 95, 94, 503, 109, 92]","[1697462630488, 1697462631689, 1697462631797, 1697462631899, 1697462631996, 1697462633057, 1697462633169, 1697462633267, 1697462633378, 1697462633484, 1697462633588, 1697462634481, 1697462634586, 1697462634677, 1697462634781, 1697462634872, 1697462635849, 1697462635945, 1697462636052, 1697462636156, 1697462636257, 1697462637058, 1697462637153, 1697462637248, 1697462637354, 1697462637447, 1697462637538, 1697462637630, 1697462637733, 1697462638208, 1697462638316, 1697462638409, 1697462638509, 1697462638597, 1697462638684, 1697462640283, 1697462640386, 1697462640475, 1697462640564, 1697462640653, 1697462641037, 1697462641146, 1697462641240, 1697462641329, 1697462641420, 1697462641520, 1697462641610, 1697462641700, 1697462642614, 1697462642723, 1697462642815, 1697462642907, 1697462642999, 1697462643091, 1697462643399, 1697462643490, 1697462643595, 1697462644410, 1697462644504, 1697462644611, 1697462644713, 1697462644802, 1697462644891, 1697462644980, 1697462646002, 1697462646098, 1697462646193, 1697462646297, 1697462646387, 1697462646489, 1697462647160, 1697462647253, 1697462647346, 1697462647440, 1697462647533, 1697462647637, 1697462648565, 1697462648667, 1697462648765, 1697462648851, 1697462649968, 1697462650064, 1697462650160, 1697462650269, 1697462650376, 1697462650479, 1697462650943, 1697462651039, 1697462651139, 1697462651236, 1697462652153, 1697462652253, 1697462652363, 1697462652461, 1697462652558, 1697462652660, 1697462653590, 1697462653699, 1697462653805, 1697462653904, 1697462653991, 1697462655253, 1697462655358, 1697462655462, 1697462655553, 1697462656847, 1697462656955, 1697462657063, 1697462657157, 1697462657255, 1697462658404, 1697462658503, 1697462658600, 1697462658698, 1697462658812, 1697462658919, 1697462659013, 1697462659107, 1697462659877, 1697462659990, 1697462660100, 1697462660195, 1697462660289, 1697462660394, 1697462660871, 1697462660961, 1697462661061, 1697462661149, 1697462661236, 1697462662408, 1697462662512, 1697462662612, 1697462663636, 1697462663746, 1697462663843, 1697462663939, 1697462664047, 1697462664154, 1697462664247, 1697462664338, 1697462664944, 1697462665044, 1697462665141, 1697462665238, 1697462665348, 1697462665456, 1697462665549, 1697462665934, 1697462666037, 1697462666843, 1697462666938, 1697462667045, 1697462667134, 1697462667224, 1697462667313, 1697462667403, 1697462667492, 1697462668057, 1697462668600, 1697462668705, 1697462668903, 1697462668994, 1697462669085, 1697462669173, 1697462669273, 1697462669360, 1697462669448, 1697462669536, 1697462669624, 1697462669714, 1697462669802, 1697462669890, 1697462669980, 1697462670078, 1697462670162, 1697462670244, 1697462670326, 1697462671171, 1697462671326, 1697462671410, 1697462671494, 1697462671578, 1697462671662, 1697462671759, 1697462671842, 1697462671925, 1697462672010, 1697462672100, 1697462672187, 1697462672270, 1697462672461, 1697462672544, 1697462672627, 1697462672897, 1697462672983, 1697462673196, 1697462673295, 1697462673374, 1697462673453, 1697462673532, 1697462673611, 1697462673689, 1697462673768, 1697462673847, 1697462673940, 1697462674020, 1697462674099, 1697462674182, 1697462674263, 1697462674343, 1697462674422, 1697462674501, 1697462674580, 1697462674659, 1697462675163, 1697462675356, 1697462675450, 1697462675531, 1697462675612, 1697462675694, 1697462675773, 1697462675854, 1697462675934, 1697462676015, 1697462676099, 1697462676189, 1697462676861, 1697462676947, 1697462677043, 1697462677125, 1697462677209, 1697462677291, 1697462677373, 1697462677455, 1697462677537, 1697462677619, 1697462677702, 1697462677921, 1697462678438, 1697462678521, 1697462678604, 1697462678686, 1697462678769, 1697462678854, 1697462678941, 1697462679194, 1697462679276, 1697462679360, 1697462679442, 1697462679522, 1697462680242, 1697462680539, 1697462680629, 1697462680718, 1697462680808, 1697462680905, 1697462680999, 1697462681080, 1697462681533, 1697462682012, 1697462682094, 1697462682176, 1697462682257, 1697462682339, 1697462683007, 1697462683097, 1697462683186, 1697462683275, 1697462683371, 1697462683622, 1697462683720, 1697462683804, 1697462683887, 1697462683975, 1697462684055, 1697462684849, 1697462684938, 1697462685038, 1697462685119, 1697462685207, 1697462685296, 1697462685385, 1697462685473, 1697462685846, 1697462685943, 1697462686337, 1697462686441, 1697462686529, 1697462687440, 1697462687539, 1697462688292, 1697462688388, 1697462688483, 1697462688579, 1697462688685, 1697462688776, 1697462688877, 1697462688965, 1697462689053, 1697462689142, 1697462689232, 1697462689322, 1697462690058, 1697462690148, 1697462690242, 1697462690738, 1697462690840, 1697462690934, 1697462691634, 1697462691740, 1697462691832, 1697462691924, 1697462692017, 1697462692109, 1697462692201, 1697462692293, 1697462692528, 1697462692624, 1697462692726, 1697462692814, 1697462692912, 1697462692999, 1697462693765, 1697462693858, 1697462693965, 1697462694056, 1697462694147, 1697462694650, 1697462694754, 1697462694843, 1697462694932, 1697462695026, 1697462695824, 1697462695929, 1697462696020, 1697462696123, 1697462696215, 1697462696486, 1697462696592, 1697462696693, 1697462696787, 1697462696866, 1697462697759, 1697462697865, 1697462697957, 1697462698049, 1697462698151, 1697462698564, 1697462698660, 1697462698767, 1697462699076, 1697462699180, 1697462699794, 1697462699890, 1697462699998, 1697462700108, 1697462700207, 1697462700301, 1697462700408, 1697462701102, 1697462701210, 1697462701313, 1697462701404, 1697462701494, 1697462701583, 1697462701684, 1697462701784, 1697462701872, 1697462701960, 1697462702839, 1697462702933, 1697462703029, 1697462703642, 1697462703737, 1697462703830, 1697462703938, 1697462704033, 1697462704127, 1697462704630, 1697462704739, 1697462704831]"
244,84,11,[],200,EleutherAI/gpt-neox-20b,32,1,1339.0,1.0,4,T4,1697462660966,1697462662305.0,120,26.0,1.0,"[6, 1333]","[1697462660972, 1697462662305]"
245,459,8,[],200,EleutherAI/gpt-neox-20b,32,1,1476.0,1.0,4,T4,1697462631902,1697462633378.0,120,58.0,5.0,"[17, 1138, 112, 98, 111]","[1697462631919, 1697462633057, 1697462633169, 1697462633267, 1697462633378]"
246,25,12,[],200,EleutherAI/gpt-neox-20b,32,1,1221.0,1.0,4,T4,1697462662308,1697462663529.0,120,12.0,1.0,"[17, 1204]","[1697462662325, 1697462663529]"
247,38,14,[],200,EleutherAI/gpt-neox-20b,32,1,6182.0,1.0,4,T4,1697462653808,1697462659990.0,120,88.0,20.0,"[10, 1435, 105, 104, 91, 1294, 108, 108, 94, 98, 1149, 99, 97, 98, 114, 107, 94, 94, 769, 114]","[1697462653818, 1697462655253, 1697462655358, 1697462655462, 1697462655553, 1697462656847, 1697462656955, 1697462657063, 1697462657157, 1697462657255, 1697462658404, 1697462658503, 1697462658600, 1697462658698, 1697462658812, 1697462658919, 1697462659013, 1697462659107, 1697462659876, 1697462659990]"
248,702,8,[],200,EleutherAI/gpt-neox-20b,32,1,6167.0,1.0,4,T4,1697462647638,1697462653805.0,120,89.0,20.0,"[6, 2324, 96, 96, 109, 107, 103, 464, 96, 100, 97, 917, 100, 110, 98, 97, 102, 930, 109, 106]","[1697462647644, 1697462649968, 1697462650064, 1697462650160, 1697462650269, 1697462650376, 1697462650479, 1697462650943, 1697462651039, 1697462651139, 1697462651236, 1697462652153, 1697462652253, 1697462652363, 1697462652461, 1697462652558, 1697462652660, 1697462653590, 1697462653699, 1697462653805]"
249,779,13,[],200,EleutherAI/gpt-neox-20b,32,1,4524.0,1.0,4,T4,1697462663533,1697462668057.0,120,563.0,10.0,"[10, 3300, 95, 107, 89, 90, 89, 90, 89, 565]","[1697462663543, 1697462666843, 1697462666938, 1697462667045, 1697462667134, 1697462667224, 1697462667313, 1697462667403, 1697462667492, 1697462668057]"
250,354,3,[],200,EleutherAI/gpt-neox-20b,32,1,6335.0,1.0,4,T4,1697462629821,1697462636156.0,120,91.0,20.0,"[13, 1856, 107, 102, 96, 1062, 112, 98, 111, 106, 104, 893, 105, 91, 104, 91, 977, 97, 106, 104]","[1697462629834, 1697462631690, 1697462631797, 1697462631899, 1697462631995, 1697462633057, 1697462633169, 1697462633267, 1697462633378, 1697462633484, 1697462633588, 1697462634481, 1697462634586, 1697462634677, 1697462634781, 1697462634872, 1697462635849, 1697462635946, 1697462636052, 1697462636156]"
251,280,9,[],200,EleutherAI/gpt-neox-20b,32,1,4827.0,1.0,4,T4,1697462633381,1697462638208.0,120,91.0,20.0,"[10, 1090, 105, 92, 103, 91, 977, 96, 107, 104, 101, 802, 94, 95, 107, 92, 91, 92, 103, 475]","[1697462633391, 1697462634481, 1697462634586, 1697462634678, 1697462634781, 1697462634872, 1697462635849, 1697462635945, 1697462636052, 1697462636156, 1697462636257, 1697462637059, 1697462637153, 1697462637248, 1697462637355, 1697462637447, 1697462637538, 1697462637630, 1697462637733, 1697462638208]"
252,329,6,[],200,EleutherAI/gpt-neox-20b,32,1,1967.0,1.0,4,T4,1697462628410,1697462630377.0,120,15.0,1.0,"[18, 1949]","[1697462628428, 1697462630377]"
253,203,4,[],200,EleutherAI/gpt-neox-20b,32,1,4039.0,1.0,4,T4,1697462643598,1697462647637.0,120,364.0,13.0,"[15, 2389, 96, 95, 104, 89, 103, 671, 94, 92, 94, 94, 103]","[1697462643613, 1697462646002, 1697462646098, 1697462646193, 1697462646297, 1697462646386, 1697462646489, 1697462647160, 1697462647254, 1697462647346, 1697462647440, 1697462647534, 1697462647637]"
254,39,5,[],200,EleutherAI/gpt-neox-20b,32,1,2223.0,1.0,4,T4,1697462647641,1697462649864.0,120,8.0,1.0,"[9, 2214]","[1697462647650, 1697462649864]"
255,274,7,[],200,EleutherAI/gpt-neox-20b,32,1,3208.0,1.0,4,T4,1697462630380,1697462633588.0,120,364.0,11.0,"[8, 1301, 108, 102, 97, 1062, 111, 98, 111, 106, 104]","[1697462630388, 1697462631689, 1697462631797, 1697462631899, 1697462631996, 1697462633058, 1697462633169, 1697462633267, 1697462633378, 1697462633484, 1697462633588]"
256,912,6,[],200,EleutherAI/gpt-neox-20b,32,1,7290.0,1.0,4,T4,1697462649867,1697462657157.0,120,92.0,20.0,"[17, 2269, 100, 110, 98, 97, 102, 930, 109, 106, 99, 87, 1262, 105, 104, 91, 1294, 108, 108, 94]","[1697462649884, 1697462652153, 1697462652253, 1697462652363, 1697462652461, 1697462652558, 1697462652660, 1697462653590, 1697462653699, 1697462653805, 1697462653904, 1697462653991, 1697462655253, 1697462655358, 1697462655462, 1697462655553, 1697462656847, 1697462656955, 1697462657063, 1697462657157]"
257,912,10,[],200,EleutherAI/gpt-neox-20b,32,1,6363.0,1.0,4,T4,1697462646196,1697462652559.0,120,92.0,20.0,"[6, 2363, 103, 97, 86, 1117, 96, 96, 109, 107, 103, 464, 96, 100, 97, 917, 100, 110, 98, 97]","[1697462646202, 1697462648565, 1697462648668, 1697462648765, 1697462648851, 1697462649968, 1697462650064, 1697462650160, 1697462650269, 1697462650376, 1697462650479, 1697462650943, 1697462651039, 1697462651139, 1697462651236, 1697462652153, 1697462652253, 1697462652363, 1697462652461, 1697462652558]"
258,228,10,[],200,EleutherAI/gpt-neox-20b,32,1,4880.0,1.0,4,T4,1697462638211,1697462643091.0,120,100.0,20.0,"[6, 2067, 102, 89, 89, 89, 384, 108, 95, 89, 92, 99, 90, 90, 915, 108, 92, 92, 92, 92]","[1697462638217, 1697462640284, 1697462640386, 1697462640475, 1697462640564, 1697462640653, 1697462641037, 1697462641145, 1697462641240, 1697462641329, 1697462641421, 1697462641520, 1697462641610, 1697462641700, 1697462642615, 1697462642723, 1697462642815, 1697462642907, 1697462642999, 1697462643091]"
259,60,6,[],200,EleutherAI/gpt-neox-20b,32,1,8615.0,1.0,4,T4,1697462634876,1697462643491.0,120,93.0,36.0,"[19, 2163, 95, 95, 106, 93, 91, 92, 103, 475, 108, 93, 100, 88, 88, 1598, 104, 88, 89, 89, 384, 108, 95, 89, 92, 99, 89, 91, 915, 108, 92, 92, 92, 92, 308, 92]","[1697462634895, 1697462637058, 1697462637153, 1697462637248, 1697462637354, 1697462637447, 1697462637538, 1697462637630, 1697462637733, 1697462638208, 1697462638316, 1697462638409, 1697462638509, 1697462638597, 1697462638685, 1697462640283, 1697462640387, 1697462640475, 1697462640564, 1697462640653, 1697462641037, 1697462641145, 1697462641240, 1697462641329, 1697462641421, 1697462641520, 1697462641609, 1697462641700, 1697462642615, 1697462642723, 1697462642815, 1697462642907, 1697462642999, 1697462643091, 1697462643399, 1697462643491]"
260,99,8,[],200,EleutherAI/gpt-neox-20b,32,1,2154.0,1.0,4,T4,1697462633589,1697462635743.0,120,10.0,1.0,"[5, 2149]","[1697462633594, 1697462635743]"
261,859,9,[],200,EleutherAI/gpt-neox-20b,32,1,1211.0,1.0,4,T4,1697462635747,1697462636958.0,120,23.0,1.0,"[15, 1196]","[1697462635762, 1697462636958]"
262,179,9,[],200,EleutherAI/gpt-neox-20b,32,1,1686.0,1.0,4,T4,1697462644507,1697462646193.0,120,161.0,4.0,"[8, 1487, 96, 95]","[1697462644515, 1697462646002, 1697462646098, 1697462646193]"
263,690,10,[],200,EleutherAI/gpt-neox-20b,32,1,1144.0,1.0,4,T4,1697462636963,1697462638107.0,120,39.0,1.0,"[18, 1126]","[1697462636981, 1697462638107]"
264,10,10,[],200,EleutherAI/gpt-neox-20b,32,1,4843.0,1.0,4,T4,1697462646196,1697462651039.0,120,563.0,9.0,"[10, 3762, 96, 96, 109, 107, 103, 464, 96]","[1697462646206, 1697462649968, 1697462650064, 1697462650160, 1697462650269, 1697462650376, 1697462650479, 1697462650943, 1697462651039]"
265,631,11,[],200,EleutherAI/gpt-neox-20b,32,1,12158.0,1.0,4,T4,1697462638111,1697462650269.0,120,216.0,50.0,"[15, 2158, 102, 89, 89, 89, 384, 108, 95, 89, 92, 99, 89, 91, 915, 108, 92, 92, 92, 92, 308, 92, 104, 815, 94, 107, 102, 89, 89, 89, 1022, 95, 96, 104, 89, 103, 671, 94, 93, 93, 93, 104, 928, 102, 98, 86, 1117, 96, 96, 109]","[1697462638126, 1697462640284, 1697462640386, 1697462640475, 1697462640564, 1697462640653, 1697462641037, 1697462641145, 1697462641240, 1697462641329, 1697462641421, 1697462641520, 1697462641609, 1697462641700, 1697462642615, 1697462642723, 1697462642815, 1697462642907, 1697462642999, 1697462643091, 1697462643399, 1697462643491, 1697462643595, 1697462644410, 1697462644504, 1697462644611, 1697462644713, 1697462644802, 1697462644891, 1697462644980, 1697462646002, 1697462646097, 1697462646193, 1697462646297, 1697462646386, 1697462646489, 1697462647160, 1697462647254, 1697462647347, 1697462647440, 1697462647533, 1697462647637, 1697462648565, 1697462648667, 1697462648765, 1697462648851, 1697462649968, 1697462650064, 1697462650160, 1697462650269]"
266,143,1,[],200,EleutherAI/gpt-neox-20b,32,1,3911.0,1.0,4,T4,1697462625807,1697462629718.0,120,6.0,12.0,"[10, 2092, 111, 93, 104, 101, 88, 916, 94, 93, 106, 103]","[1697462625817, 1697462627909, 1697462628020, 1697462628113, 1697462628217, 1697462628318, 1697462628406, 1697462629322, 1697462629416, 1697462629509, 1697462629615, 1697462629718]"
267,907,2,[],200,EleutherAI/gpt-neox-20b,32,1,655.0,1.0,4,T4,1697462629722,1697462630377.0,120,10.0,1.0,"[15, 640]","[1697462629737, 1697462630377]"
268,732,3,[],200,EleutherAI/gpt-neox-20b,32,1,4101.0,1.0,4,T4,1697462630380,1697462634481.0,120,345.0,12.0,"[18, 1291, 108, 102, 97, 1061, 113, 97, 111, 106, 104, 893]","[1697462630398, 1697462631689, 1697462631797, 1697462631899, 1697462631996, 1697462633057, 1697462633170, 1697462633267, 1697462633378, 1697462633484, 1697462633588, 1697462634481]"
269,561,4,[],200,EleutherAI/gpt-neox-20b,32,1,4203.0,1.0,4,T4,1697462634482,1697462638685.0,120,87.0,20.0,"[6, 1361, 96, 107, 104, 101, 802, 94, 95, 107, 92, 91, 92, 103, 474, 109, 92, 101, 87, 89]","[1697462634488, 1697462635849, 1697462635945, 1697462636052, 1697462636156, 1697462636257, 1697462637059, 1697462637153, 1697462637248, 1697462637355, 1697462637447, 1697462637538, 1697462637630, 1697462637733, 1697462638207, 1697462638316, 1697462638408, 1697462638509, 1697462638596, 1697462638685]"
270,764,11,[],200,EleutherAI/gpt-neox-20b,32,1,1003.0,1.0,4,T4,1697462651043,1697462652046.0,120,39.0,1.0,"[17, 986]","[1697462651060, 1697462652046]"
271,234,3,[],200,EleutherAI/gpt-neox-20b,32,1,6885.0,1.0,4,T4,1697462631800,1697462638685.0,120,457.0,25.0,"[6, 2576, 99, 105, 92, 103, 91, 977, 96, 107, 104, 101, 801, 95, 95, 106, 93, 91, 92, 103, 475, 108, 93, 100, 88, 87]","[1697462631806, 1697462634382, 1697462634481, 1697462634586, 1697462634678, 1697462634781, 1697462634872, 1697462635849, 1697462635945, 1697462636052, 1697462636156, 1697462636257, 1697462637058, 1697462637153, 1697462637248, 1697462637354, 1697462637447, 1697462637538, 1697462637630, 1697462637733, 1697462638208, 1697462638316, 1697462638409, 1697462638509, 1697462638597, 1697462638684]"
272,708,12,[],200,EleutherAI/gpt-neox-20b,32,1,1441.0,1.0,4,T4,1697462652050,1697462653491.0,120,140.0,1.0,"[13, 1428]","[1697462652063, 1697462653491]"
273,533,13,[],200,EleutherAI/gpt-neox-20b,32,1,1760.0,1.0,4,T4,1697462653493,1697462655253.0,120,216.0,2.0,"[11, 1749]","[1697462653504, 1697462655253]"
274,340,14,[],200,EleutherAI/gpt-neox-20b,32,1,5139.0,1.0,4,T4,1697462655256,1697462660395.0,120,85.0,20.0,"[6, 1585, 108, 108, 94, 98, 1149, 99, 97, 98, 113, 108, 94, 94, 769, 114, 110, 95, 94, 106]","[1697462655262, 1697462656847, 1697462656955, 1697462657063, 1697462657157, 1697462657255, 1697462658404, 1697462658503, 1697462658600, 1697462658698, 1697462658811, 1697462658919, 1697462659013, 1697462659107, 1697462659876, 1697462659990, 1697462660100, 1697462660195, 1697462660289, 1697462660395]"
275,735,7,[],200,EleutherAI/gpt-neox-20b,32,1,4078.0,1.0,4,T4,1697462657159,1697462661237.0,120,85.0,20.0,"[17, 1228, 99, 97, 98, 113, 108, 94, 94, 769, 114, 110, 95, 94, 106, 476, 90, 100, 88, 87]","[1697462657176, 1697462658404, 1697462658503, 1697462658600, 1697462658698, 1697462658811, 1697462658919, 1697462659013, 1697462659107, 1697462659876, 1697462659990, 1697462660100, 1697462660195, 1697462660289, 1697462660395, 1697462660871, 1697462660961, 1697462661061, 1697462661149, 1697462661236]"
276,819,7,[],200,EleutherAI/gpt-neox-20b,32,1,817.0,1.0,4,T4,1697462643494,1697462644311.0,120,13.0,1.0,"[6, 810]","[1697462643500, 1697462644310]"
277,756,8,[],200,EleutherAI/gpt-neox-20b,32,1,1587.0,1.0,4,T4,1697462644314,1697462645901.0,120,19.0,1.0,"[23, 1564]","[1697462644337, 1697462645901]"
278,535,13,[],200,EleutherAI/gpt-neox-20b,32,1,5087.0,1.0,4,T4,1697462665240,1697462670327.0,120,84.0,20.0,"[12, 3347, 106, 197, 92, 91, 88, 100, 87, 88, 88, 88, 90, 88, 88, 90, 98, 84, 82, 82]","[1697462665252, 1697462668599, 1697462668705, 1697462668902, 1697462668994, 1697462669085, 1697462669173, 1697462669273, 1697462669360, 1697462669448, 1697462669536, 1697462669624, 1697462669714, 1697462669802, 1697462669890, 1697462669980, 1697462670078, 1697462670162, 1697462670244, 1697462670326]"
279,702,17,[],200,EleutherAI/gpt-neox-20b,32,1,5536.0,1.0,4,T4,1697462660398,1697462665934.0,120,89.0,20.0,"[14, 1996, 104, 100, 1024, 110, 96, 97, 108, 107, 93, 91, 606, 100, 97, 97, 110, 108, 93, 385]","[1697462660412, 1697462662408, 1697462662512, 1697462662612, 1697462663636, 1697462663746, 1697462663842, 1697462663939, 1697462664047, 1697462664154, 1697462664247, 1697462664338, 1697462664944, 1697462665044, 1697462665141, 1697462665238, 1697462665348, 1697462665456, 1697462665549, 1697462665934]"
280,858,9,[],200,EleutherAI/gpt-neox-20b,32,1,2458.0,1.0,4,T4,1697462635951,1697462638409.0,120,182.0,12.0,"[14, 1093, 95, 95, 106, 93, 91, 92, 104, 473, 109, 93]","[1697462635965, 1697462637058, 1697462637153, 1697462637248, 1697462637354, 1697462637447, 1697462637538, 1697462637630, 1697462637734, 1697462638207, 1697462638316, 1697462638409]"
281,802,10,[],200,EleutherAI/gpt-neox-20b,32,1,1763.0,1.0,4,T4,1697462638414,1697462640177.0,120,9.0,1.0,"[11, 1751]","[1697462638425, 1697462640176]"
282,380,2,[],200,EleutherAI/gpt-neox-20b,32,1,15387.0,1.0,4,T4,1697462620870,1697462636257.0,120,216.0,50.0,"[17, 3500, 103, 91, 102, 87, 87, 948, 709, 91, 107, 105, 85, 85, 922, 111, 93, 104, 101, 88, 916, 94, 93, 106, 103, 102, 653, 96, 84, 84, 952, 108, 102, 97, 1061, 113, 97, 110, 107, 103, 894, 105, 91, 104, 91, 977, 96, 107, 104, 101]","[1697462620887, 1697462624387, 1697462624490, 1697462624581, 1697462624683, 1697462624770, 1697462624857, 1697462625805, 1697462626514, 1697462626605, 1697462626712, 1697462626817, 1697462626902, 1697462626987, 1697462627909, 1697462628020, 1697462628113, 1697462628217, 1697462628318, 1697462628406, 1697462629322, 1697462629416, 1697462629509, 1697462629615, 1697462629718, 1697462629820, 1697462630473, 1697462630569, 1697462630653, 1697462630737, 1697462631689, 1697462631797, 1697462631899, 1697462631996, 1697462633057, 1697462633170, 1697462633267, 1697462633377, 1697462633484, 1697462633587, 1697462634481, 1697462634586, 1697462634677, 1697462634781, 1697462634872, 1697462635849, 1697462635945, 1697462636052, 1697462636156, 1697462636257]"
283,502,5,[],200,EleutherAI/gpt-neox-20b,32,1,2245.0,1.0,4,T4,1697462638692,1697462640937.0,120,19.0,1.0,"[22, 2223]","[1697462638714, 1697462640937]"
284,332,6,[],200,EleutherAI/gpt-neox-20b,32,1,1571.0,1.0,4,T4,1697462640942,1697462642513.0,120,39.0,1.0,"[13, 1558]","[1697462640955, 1697462642513]"
285,620,8,[],200,EleutherAI/gpt-neox-20b,32,1,3102.0,1.0,4,T4,1697462652256,1697462655358.0,120,100.0,8.0,"[5, 1329, 109, 105, 100, 87, 1262, 105]","[1697462652261, 1697462653590, 1697462653699, 1697462653804, 1697462653904, 1697462653991, 1697462655253, 1697462655358]"
286,85,10,[],200,EleutherAI/gpt-neox-20b,32,1,5815.0,1.0,4,T4,1697462638689,1697462644504.0,120,88.0,20.0,"[21, 2327, 109, 94, 89, 92, 99, 90, 90, 915, 108, 92, 92, 92, 92, 308, 91, 105, 815, 94]","[1697462638710, 1697462641037, 1697462641146, 1697462641240, 1697462641329, 1697462641421, 1697462641520, 1697462641610, 1697462641700, 1697462642615, 1697462642723, 1697462642815, 1697462642907, 1697462642999, 1697462643091, 1697462643399, 1697462643490, 1697462643595, 1697462644410, 1697462644504]"
287,789,3,[],200,EleutherAI/gpt-neox-20b,32,1,11124.0,1.0,4,T4,1697462633488,1697462644612.0,120,6.0,50.0,"[17, 976, 105, 91, 104, 91, 976, 98, 106, 104, 101, 802, 94, 95, 107, 92, 91, 92, 103, 474, 109, 93, 100, 88, 87, 1599, 103, 89, 89, 89, 384, 108, 95, 89, 91, 100, 89, 91, 915, 108, 92, 92, 92, 92, 308, 91, 105, 815, 94, 108]","[1697462633505, 1697462634481, 1697462634586, 1697462634677, 1697462634781, 1697462634872, 1697462635848, 1697462635946, 1697462636052, 1697462636156, 1697462636257, 1697462637059, 1697462637153, 1697462637248, 1697462637355, 1697462637447, 1697462637538, 1697462637630, 1697462637733, 1697462638207, 1697462638316, 1697462638409, 1697462638509, 1697462638597, 1697462638684, 1697462640283, 1697462640386, 1697462640475, 1697462640564, 1697462640653, 1697462641037, 1697462641145, 1697462641240, 1697462641329, 1697462641420, 1697462641520, 1697462641609, 1697462641700, 1697462642615, 1697462642723, 1697462642815, 1697462642907, 1697462642999, 1697462643091, 1697462643399, 1697462643490, 1697462643595, 1697462644410, 1697462644504, 1697462644612]"
288,57,11,[],200,EleutherAI/gpt-neox-20b,32,1,1215.0,1.0,4,T4,1697462643096,1697462644311.0,120,13.0,1.0,"[16, 1198]","[1697462643112, 1697462644310]"
289,445,9,[],200,EleutherAI/gpt-neox-20b,32,1,1488.0,1.0,4,T4,1697462655359,1697462656847.0,120,457.0,2.0,"[8, 1480]","[1697462655367, 1697462656847]"
290,818,12,[],200,EleutherAI/gpt-neox-20b,32,1,1586.0,1.0,4,T4,1697462644315,1697462645901.0,120,13.0,1.0,"[20, 1566]","[1697462644335, 1697462645901]"
291,398,10,[],200,EleutherAI/gpt-neox-20b,32,1,4386.0,1.0,4,T4,1697462656850,1697462661236.0,120,87.0,20.0,"[5, 1549, 99, 97, 98, 114, 107, 94, 94, 769, 114, 110, 96, 93, 105, 477, 90, 100, 88, 87]","[1697462656855, 1697462658404, 1697462658503, 1697462658600, 1697462658698, 1697462658812, 1697462658919, 1697462659013, 1697462659107, 1697462659876, 1697462659990, 1697462660100, 1697462660196, 1697462660289, 1697462660394, 1697462660871, 1697462660961, 1697462661061, 1697462661149, 1697462661236]"
292,271,12,[],200,EleutherAI/gpt-neox-20b,32,1,6268.0,1.0,4,T4,1697462647537,1697462653805.0,120,87.0,20.0,"[16, 2415, 96, 96, 109, 107, 103, 464, 96, 100, 97, 916, 101, 110, 98, 97, 102, 930, 109, 106]","[1697462647553, 1697462649968, 1697462650064, 1697462650160, 1697462650269, 1697462650376, 1697462650479, 1697462650943, 1697462651039, 1697462651139, 1697462651236, 1697462652152, 1697462652253, 1697462652363, 1697462652461, 1697462652558, 1697462652660, 1697462653590, 1697462653699, 1697462653805]"
293,645,13,[],200,EleutherAI/gpt-neox-20b,32,1,6657.0,1.0,4,T4,1697462645902,1697462652559.0,120,86.0,20.0,"[15, 2648, 102, 98, 86, 1117, 96, 96, 109, 107, 104, 463, 96, 100, 97, 917, 100, 110, 98, 98]","[1697462645917, 1697462648565, 1697462648667, 1697462648765, 1697462648851, 1697462649968, 1697462650064, 1697462650160, 1697462650269, 1697462650376, 1697462650480, 1697462650943, 1697462651039, 1697462651139, 1697462651236, 1697462652153, 1697462652253, 1697462652363, 1697462652461, 1697462652559]"
294,845,11,[],200,EleutherAI/gpt-neox-20b,32,1,15369.0,1.0,4,T4,1697462644508,1697462659877.0,120,244.0,50.0,"[6, 2646, 94, 93, 93, 93, 104, 928, 103, 97, 86, 1117, 96, 96, 109, 107, 103, 464, 96, 100, 97, 917, 100, 110, 98, 97, 102, 930, 109, 106, 99, 87, 1262, 105, 104, 91, 1293, 109, 108, 94, 98, 1149, 98, 98, 98, 113, 108, 94, 94, 770]","[1697462644514, 1697462647160, 1697462647254, 1697462647347, 1697462647440, 1697462647533, 1697462647637, 1697462648565, 1697462648668, 1697462648765, 1697462648851, 1697462649968, 1697462650064, 1697462650160, 1697462650269, 1697462650376, 1697462650479, 1697462650943, 1697462651039, 1697462651139, 1697462651236, 1697462652153, 1697462652253, 1697462652363, 1697462652461, 1697462652558, 1697462652660, 1697462653590, 1697462653699, 1697462653805, 1697462653904, 1697462653991, 1697462655253, 1697462655358, 1697462655462, 1697462655553, 1697462656846, 1697462656955, 1697462657063, 1697462657157, 1697462657255, 1697462658404, 1697462658502, 1697462658600, 1697462658698, 1697462658811, 1697462658919, 1697462659013, 1697462659107, 1697462659877]"
295,220,11,[],200,EleutherAI/gpt-neox-20b,32,1,2399.0,1.0,4,T4,1697462661237,1697462663636.0,120,67.0,2.0,"[16, 2383]","[1697462661253, 1697462663636]"
296,533,9,[],200,EleutherAI/gpt-neox-20b,32,1,1447.0,1.0,4,T4,1697462653806,1697462655253.0,120,216.0,2.0,"[7, 1440]","[1697462653813, 1697462655253]"
297,52,12,[],200,EleutherAI/gpt-neox-20b,32,1,1709.0,1.0,4,T4,1697462663639,1697462665348.0,120,58.0,6.0,"[5, 1301, 99, 97, 97, 110]","[1697462663644, 1697462664945, 1697462665044, 1697462665141, 1697462665238, 1697462665348]"
298,493,6,[],200,EleutherAI/gpt-neox-20b,32,1,6981.0,1.0,4,T4,1697462640656,1697462647637.0,120,83.0,20.0,"[6, 3747, 95, 108, 101, 89, 89, 89, 1022, 96, 95, 104, 89, 103, 671, 93, 93, 94, 93, 104]","[1697462640662, 1697462644409, 1697462644504, 1697462644612, 1697462644713, 1697462644802, 1697462644891, 1697462644980, 1697462646002, 1697462646098, 1697462646193, 1697462646297, 1697462646386, 1697462646489, 1697462647160, 1697462647253, 1697462647346, 1697462647440, 1697462647533, 1697462647637]"
299,803,13,[],200,EleutherAI/gpt-neox-20b,32,1,2608.0,1.0,4,T4,1697462665353,1697462667961.0,120,20.0,1.0,"[6, 2602]","[1697462665359, 1697462667961]"
300,332,10,[],200,EleutherAI/gpt-neox-20b,32,1,1486.0,1.0,4,T4,1697462655254,1697462656740.0,120,39.0,1.0,"[5, 1481]","[1697462655259, 1697462656740]"
301,266,12,[],200,EleutherAI/gpt-neox-20b,32,1,2327.0,1.0,4,T4,1697462647537,1697462649864.0,120,9.0,1.0,"[16, 2311]","[1697462647553, 1697462649864]"
302,280,11,[],200,EleutherAI/gpt-neox-20b,32,1,4496.0,1.0,4,T4,1697462656741,1697462661237.0,120,91.0,20.0,"[13, 1650, 99, 97, 98, 114, 107, 94, 94, 770, 113, 110, 96, 93, 105, 477, 90, 100, 88, 87]","[1697462656754, 1697462658404, 1697462658503, 1697462658600, 1697462658698, 1697462658812, 1697462658919, 1697462659013, 1697462659107, 1697462659877, 1697462659990, 1697462660100, 1697462660196, 1697462660289, 1697462660394, 1697462660871, 1697462660961, 1697462661061, 1697462661149, 1697462661236]"
303,281,15,[],200,EleutherAI/gpt-neox-20b,32,1,1906.0,1.0,4,T4,1697462660399,1697462662305.0,120,23.0,1.0,"[19, 1887]","[1697462660418, 1697462662305]"
304,747,14,[],200,EleutherAI/gpt-neox-20b,32,1,8980.0,1.0,4,T4,1697462667967,1697462676947.0,120,140.0,36.0,"[14, 4916, 86, 214, 98, 79, 79, 79, 79, 78, 79, 79, 93, 80, 79, 83, 81, 80, 79, 79, 79, 79, 504, 193, 95, 80, 81, 82, 79, 81, 80, 81, 84, 89, 673, 86]","[1697462667981, 1697462672897, 1697462672983, 1697462673197, 1697462673295, 1697462673374, 1697462673453, 1697462673532, 1697462673611, 1697462673689, 1697462673768, 1697462673847, 1697462673940, 1697462674020, 1697462674099, 1697462674182, 1697462674263, 1697462674343, 1697462674422, 1697462674501, 1697462674580, 1697462674659, 1697462675163, 1697462675356, 1697462675451, 1697462675531, 1697462675612, 1697462675694, 1697462675773, 1697462675854, 1697462675934, 1697462676015, 1697462676099, 1697462676188, 1697462676861, 1697462676947]"
305,473,6,[],200,EleutherAI/gpt-neox-20b,32,1,11614.0,1.0,4,T4,1697462634875,1697462646489.0,120,244.0,50.0,"[19, 2165, 94, 95, 106, 93, 91, 92, 104, 474, 108, 92, 101, 87, 89, 1599, 103, 88, 89, 89, 384, 109, 94, 89, 92, 99, 89, 91, 915, 108, 92, 92, 92, 92, 308, 91, 105, 815, 94, 107, 102, 89, 89, 89, 1022, 95, 96, 104, 89, 103]","[1697462634894, 1697462637059, 1697462637153, 1697462637248, 1697462637354, 1697462637447, 1697462637538, 1697462637630, 1697462637734, 1697462638208, 1697462638316, 1697462638408, 1697462638509, 1697462638596, 1697462638685, 1697462640284, 1697462640387, 1697462640475, 1697462640564, 1697462640653, 1697462641037, 1697462641146, 1697462641240, 1697462641329, 1697462641421, 1697462641520, 1697462641609, 1697462641700, 1697462642615, 1697462642723, 1697462642815, 1697462642907, 1697462642999, 1697462643091, 1697462643399, 1697462643490, 1697462643595, 1697462644410, 1697462644504, 1697462644611, 1697462644713, 1697462644802, 1697462644891, 1697462644980, 1697462646002, 1697462646097, 1697462646193, 1697462646297, 1697462646386, 1697462646489]"
306,112,16,[],200,EleutherAI/gpt-neox-20b,32,1,1329.0,1.0,4,T4,1697462662307,1697462663636.0,120,16.0,2.0,"[13, 1316]","[1697462662320, 1697462663636]"
307,862,17,[],200,EleutherAI/gpt-neox-20b,32,1,2295.0,1.0,4,T4,1697462663639,1697462665934.0,120,216.0,2.0,"[11, 2284]","[1697462663650, 1697462665934]"
308,695,18,[],200,EleutherAI/gpt-neox-20b,32,1,4391.0,1.0,4,T4,1697462665935,1697462670326.0,120,92.0,20.0,"[14, 2651, 105, 198, 91, 91, 88, 100, 87, 88, 88, 88, 90, 88, 88, 90, 98, 84, 82, 82]","[1697462665949, 1697462668600, 1697462668705, 1697462668903, 1697462668994, 1697462669085, 1697462669173, 1697462669273, 1697462669360, 1697462669448, 1697462669536, 1697462669624, 1697462669714, 1697462669802, 1697462669890, 1697462669980, 1697462670078, 1697462670162, 1697462670244, 1697462670326]"
309,642,19,[],200,EleutherAI/gpt-neox-20b,32,1,8615.0,1.0,4,T4,1697462670327,1697462678942.0,120,89.0,20.0,"[17, 6517, 86, 96, 82, 84, 82, 82, 82, 82, 82, 83, 219, 517, 83, 83, 82, 83, 85, 87]","[1697462670344, 1697462676861, 1697462676947, 1697462677043, 1697462677125, 1697462677209, 1697462677291, 1697462677373, 1697462677455, 1697462677537, 1697462677619, 1697462677702, 1697462677921, 1697462678438, 1697462678521, 1697462678604, 1697462678686, 1697462678769, 1697462678854, 1697462678941]"
310,460,12,[],200,EleutherAI/gpt-neox-20b,32,1,6885.0,1.0,4,T4,1697462650272,1697462657157.0,120,87.0,20.0,"[14, 1867, 100, 110, 98, 97, 104, 928, 109, 106, 99, 87, 1262, 105, 104, 91, 1293, 109, 108, 94]","[1697462650286, 1697462652153, 1697462652253, 1697462652363, 1697462652461, 1697462652558, 1697462652662, 1697462653590, 1697462653699, 1697462653805, 1697462653904, 1697462653991, 1697462655253, 1697462655358, 1697462655462, 1697462655553, 1697462656846, 1697462656955, 1697462657063, 1697462657157]"
311,611,14,[],200,EleutherAI/gpt-neox-20b,32,1,3021.0,1.0,4,T4,1697462668061,1697462671082.0,120,14.0,1.0,"[6, 3015]","[1697462668067, 1697462671082]"
312,631,11,[],200,EleutherAI/gpt-neox-20b,32,1,13410.0,1.0,4,T4,1697462640180,1697462653590.0,120,216.0,50.0,"[14, 2421, 108, 92, 92, 92, 92, 308, 92, 104, 814, 95, 107, 102, 89, 89, 89, 1022, 96, 95, 104, 89, 103, 671, 94, 92, 94, 94, 103, 928, 102, 98, 86, 1117, 96, 96, 109, 107, 103, 464, 96, 100, 97, 917, 100, 110, 98, 97, 102, 930]","[1697462640194, 1697462642615, 1697462642723, 1697462642815, 1697462642907, 1697462642999, 1697462643091, 1697462643399, 1697462643491, 1697462643595, 1697462644409, 1697462644504, 1697462644611, 1697462644713, 1697462644802, 1697462644891, 1697462644980, 1697462646002, 1697462646098, 1697462646193, 1697462646297, 1697462646386, 1697462646489, 1697462647160, 1697462647254, 1697462647346, 1697462647440, 1697462647534, 1697462647637, 1697462648565, 1697462648667, 1697462648765, 1697462648851, 1697462649968, 1697462650064, 1697462650160, 1697462650269, 1697462650376, 1697462650479, 1697462650943, 1697462651039, 1697462651139, 1697462651236, 1697462652153, 1697462652253, 1697462652363, 1697462652461, 1697462652558, 1697462652660, 1697462653590]"
313,582,14,[],200,EleutherAI/gpt-neox-20b,32,1,928.0,1.0,4,T4,1697462652563,1697462653491.0,120,19.0,1.0,"[23, 905]","[1697462652586, 1697462653491]"
314,414,15,[],200,EleutherAI/gpt-neox-20b,32,1,6496.0,1.0,4,T4,1697462653494,1697462659990.0,120,87.0,20.0,"[13, 1746, 105, 104, 91, 1294, 108, 108, 94, 98, 1149, 99, 97, 98, 114, 107, 94, 94, 770, 113]","[1697462653507, 1697462655253, 1697462655358, 1697462655462, 1697462655553, 1697462656847, 1697462656955, 1697462657063, 1697462657157, 1697462657255, 1697462658404, 1697462658503, 1697462658600, 1697462658698, 1697462658812, 1697462658919, 1697462659013, 1697462659107, 1697462659877, 1697462659990]"
315,467,20,[],200,EleutherAI/gpt-neox-20b,32,1,6529.0,1.0,4,T4,1697462678945,1697462685474.0,120,93.0,20.0,"[16, 4046, 90, 89, 89, 96, 251, 99, 83, 83, 88, 81, 793, 89, 100, 81, 88, 89, 89, 88]","[1697462678961, 1697462683007, 1697462683097, 1697462683186, 1697462683275, 1697462683371, 1697462683622, 1697462683721, 1697462683804, 1697462683887, 1697462683975, 1697462684056, 1697462684849, 1697462684938, 1697462685038, 1697462685119, 1697462685207, 1697462685296, 1697462685385, 1697462685473]"
316,296,21,[],200,EleutherAI/gpt-neox-20b,32,1,1864.0,1.0,4,T4,1697462685477,1697462687341.0,120,6.0,1.0,"[20, 1844]","[1697462685497, 1697462687341]"
317,120,22,[],200,EleutherAI/gpt-neox-20b,32,1,2618.0,1.0,4,T4,1697462687344,1697462689962.0,120,17.0,1.0,"[10, 2607]","[1697462687354, 1697462689961]"
318,67,23,[],408,EleutherAI/gpt-neox-20b,32,1,,,4,T4,1697462689970,1697462738333.0,120,,,"[16, 1648, 106, 92, 92, 94, 91, 92, 92, 236, 95, 102, 88, 98, 87, 766, 93, 107, 92, 90, 503, 104, 89, 89, 93, 799, 105, 92, 103, 91, 271, 105, 102, 93, 80, 893, 106, 92, 92, 102, 413, 96, 107, 310, 103, 614, 96, 107, 111, 99, 94, 107, 694, 108, 103, 91, 90, 89, 101, 100, 88, 88, 879, 94, 96, 613, 95, 94, 107, 95, 94, 503, 109, 91, 901, 109, 95, 105, 93, 92, 92, 525, 96, 95, 104, 90, 98, 971, 95, 107, 104, 103, 101, 795, 90, 90, 90, 90, 90, 91, 653, 103, 190, 90, 89, 89, 101, 87, 94, 94, 82, 79, 789, 299, 98, 83, 83, 82, 210, 87, 99, 456, 82, 358, 84, 82, 83, 81, 96, 86, 204, 82, 93, 82, 81, 81, 782, 84, 85, 88, 90, 84, 204, 84, 83, 85, 96, 84, 83, 96, 82, 82, 81, 81, 82, 580, 190, 83, 82, 83, 83, 96, 94, 81, 83, 84, 387, 82, 81, 82, 452, 83, 84, 86, 229, 193, 97, 83, 85, 80, 83, 84, 87, 660, 92, 102, 91, 93, 90, 89, 89, 754, 93, 104, 90, 91, 89, 90, 90, 90, 695, 92, 101, 655, 116, 101, 95, 94, 91, 92, 92, 105, 223, 111, 89, 104, 601, 94, 93, 107, 104, 89, 668, 101, 98, 91, 91, 90, 91, 103, 91, 90, 279, 92, 92, 102, 89, 88, 90, 88, 92, 747, 90, 77, 77, 86, 75, 75, 81, 73, 353, 80, 88, 74, 76, 74, 75, 75, 77, 75, 83, 74, 76, 75, 73, 73, 73, 73, 73, 73, 73, 83, 76, 74, 73, 74, 75, 74, 74, 73, 73, 72, 73, 74, 73, 73, 75, 73, 74, 75, 73, 75, 73, 74, 73, 73, 74, 74, 74, 74, 75, 75, 74, 74, 75, 74, 74, 74, 74, 74, 74, 74, 74, 75, 76, 83, 75, 75, 74, 75, 75]","[1697462689986, 1697462691634, 1697462691740, 1697462691832, 1697462691924, 1697462692018, 1697462692109, 1697462692201, 1697462692293, 1697462692529, 1697462692624, 1697462692726, 1697462692814, 1697462692912, 1697462692999, 1697462693765, 1697462693858, 1697462693965, 1697462694057, 1697462694147, 1697462694650, 1697462694754, 1697462694843, 1697462694932, 1697462695025, 1697462695824, 1697462695929, 1697462696021, 1697462696124, 1697462696215, 1697462696486, 1697462696591, 1697462696693, 1697462696786, 1697462696866, 1697462697759, 1697462697865, 1697462697957, 1697462698049, 1697462698151, 1697462698564, 1697462698660, 1697462698767, 1697462699077, 1697462699180, 1697462699794, 1697462699890, 1697462699997, 1697462700108, 1697462700207, 1697462700301, 1697462700408, 1697462701102, 1697462701210, 1697462701313, 1697462701404, 1697462701494, 1697462701583, 1697462701684, 1697462701784, 1697462701872, 1697462701960, 1697462702839, 1697462702933, 1697462703029, 1697462703642, 1697462703737, 1697462703831, 1697462703938, 1697462704033, 1697462704127, 1697462704630, 1697462704739, 1697462704830, 1697462705731, 1697462705840, 1697462705935, 1697462706040, 1697462706133, 1697462706225, 1697462706317, 1697462706842, 1697462706938, 1697462707033, 1697462707137, 1697462707227, 1697462707325, 1697462708296, 1697462708391, 1697462708498, 1697462708602, 1697462708705, 1697462708806, 1697462709601, 1697462709691, 1697462709781, 1697462709871, 1697462709961, 1697462710051, 1697462710142, 1697462710795, 1697462710898, 1697462711088, 1697462711178, 1697462711267, 1697462711356, 1697462711457, 1697462711544, 1697462711638, 1697462711732, 1697462711814, 1697462711893, 1697462712682, 1697462712981, 1697462713079, 1697462713162, 1697462713245, 1697462713327, 1697462713537, 1697462713624, 1697462713723, 1697462714179, 1697462714261, 1697462714619, 1697462714703, 1697462714785, 1697462714868, 1697462714949, 1697462715045, 1697462715131, 1697462715335, 1697462715417, 1697462715510, 1697462715592, 1697462715673, 1697462715754, 1697462716536, 1697462716620, 1697462716705, 1697462716793, 1697462716883, 1697462716967, 1697462717171, 1697462717255, 1697462717338, 1697462717423, 1697462717519, 1697462717603, 1697462717686, 1697462717782, 1697462717864, 1697462717946, 1697462718027, 1697462718108, 1697462718190, 1697462718770, 1697462718960, 1697462719043, 1697462719125, 1697462719208, 1697462719291, 1697462719387, 1697462719481, 1697462719562, 1697462719645, 1697462719729, 1697462720116, 1697462720198, 1697462720279, 1697462720361, 1697462720813, 1697462720896, 1697462720980, 1697462721066, 1697462721295, 1697462721488, 1697462721585, 1697462721668, 1697462721753, 1697462721833, 1697462721916, 1697462722000, 1697462722087, 1697462722747, 1697462722839, 1697462722941, 1697462723032, 1697462723125, 1697462723215, 1697462723304, 1697462723393, 1697462724147, 1697462724240, 1697462724344, 1697462724434, 1697462724525, 1697462724614, 1697462724704, 1697462724794, 1697462724884, 1697462725579, 1697462725671, 1697462725772, 1697462726427, 1697462726543, 1697462726644, 1697462726739, 1697462726833, 1697462726924, 1697462727016, 1697462727108, 1697462727213, 1697462727436, 1697462727547, 1697462727636, 1697462727740, 1697462728341, 1697462728435, 1697462728528, 1697462728635, 1697462728739, 1697462728828, 1697462729496, 1697462729597, 1697462729695, 1697462729786, 1697462729877, 1697462729967, 1697462730058, 1697462730161, 1697462730252, 1697462730342, 1697462730621, 1697462730713, 1697462730805, 1697462730907, 1697462730996, 1697462731084, 1697462731174, 1697462731262, 1697462731354, 1697462732101, 1697462732191, 1697462732268, 1697462732345, 1697462732431, 1697462732506, 1697462732581, 1697462732662, 1697462732735, 1697462733088, 1697462733168, 1697462733256, 1697462733330, 1697462733406, 1697462733480, 1697462733555, 1697462733630, 1697462733707, 1697462733782, 1697462733865, 1697462733939, 1697462734015, 1697462734090, 1697462734163, 1697462734236, 1697462734309, 1697462734382, 1697462734455, 1697462734528, 1697462734601, 1697462734684, 1697462734760, 1697462734834, 1697462734907, 1697462734981, 1697462735056, 1697462735130, 1697462735204, 1697462735277, 1697462735350, 1697462735422, 1697462735495, 1697462735569, 1697462735642, 1697462735715, 1697462735790, 1697462735863, 1697462735937, 1697462736012, 1697462736085, 1697462736160, 1697462736233, 1697462736307, 1697462736380, 1697462736453, 1697462736527, 1697462736601, 1697462736675, 1697462736749, 1697462736824, 1697462736899, 1697462736973, 1697462737047, 1697462737122, 1697462737196, 1697462737270, 1697462737344, 1697462737418, 1697462737492, 1697462737566, 1697462737640, 1697462737714, 1697462737789, 1697462737865, 1697462737948, 1697462738023, 1697462738098, 1697462738172, 1697462738247, 1697462738322]"
319,589,9,[],200,EleutherAI/gpt-neox-20b,32,1,6655.0,1.0,4,T4,1697462645904,1697462652559.0,120,92.0,20.0,"[14, 2647, 102, 98, 86, 1117, 96, 96, 109, 107, 103, 464, 96, 100, 97, 917, 100, 110, 98, 98]","[1697462645918, 1697462648565, 1697462648667, 1697462648765, 1697462648851, 1697462649968, 1697462650064, 1697462650160, 1697462650269, 1697462650376, 1697462650479, 1697462650943, 1697462651039, 1697462651139, 1697462651236, 1697462652153, 1697462652253, 1697462652363, 1697462652461, 1697462652559]"
320,905,15,[],200,EleutherAI/gpt-neox-20b,32,1,784.0,1.0,4,T4,1697462659994,1697462660778.0,120,11.0,1.0,"[14, 770]","[1697462660008, 1697462660778]"
321,733,16,[],200,EleutherAI/gpt-neox-20b,32,1,1523.0,1.0,4,T4,1697462660782,1697462662305.0,120,31.0,1.0,"[18, 1505]","[1697462660800, 1697462662305]"
322,9,10,[],200,EleutherAI/gpt-neox-20b,32,1,4278.0,1.0,4,T4,1697462656959,1697462661237.0,120,85.0,20.0,"[15, 1430, 98, 98, 98, 114, 107, 94, 94, 770, 113, 110, 95, 94, 105, 477, 90, 100, 88, 87]","[1697462656974, 1697462658404, 1697462658502, 1697462658600, 1697462658698, 1697462658812, 1697462658919, 1697462659013, 1697462659107, 1697462659877, 1697462659990, 1697462660100, 1697462660195, 1697462660289, 1697462660394, 1697462660871, 1697462660961, 1697462661061, 1697462661149, 1697462661236]"
323,540,17,[],200,EleutherAI/gpt-neox-20b,32,1,1633.0,1.0,4,T4,1697462662306,1697462663939.0,120,140.0,5.0,"[15, 1315, 110, 97, 96]","[1697462662321, 1697462663636, 1697462663746, 1697462663843, 1697462663939]"
324,527,18,[],200,EleutherAI/gpt-neox-20b,32,1,10252.0,1.0,4,T4,1697462665937,1697462676189.0,120,732.0,50.0,"[20, 5215, 154, 84, 84, 84, 84, 97, 83, 83, 85, 90, 87, 83, 191, 83, 83, 270, 86, 214, 98, 79, 79, 79, 79, 78, 79, 79, 93, 80, 79, 83, 81, 80, 79, 79, 79, 79, 504, 193, 95, 80, 81, 82, 79, 81, 80, 81, 84, 90]","[1697462665957, 1697462671172, 1697462671326, 1697462671410, 1697462671494, 1697462671578, 1697462671662, 1697462671759, 1697462671842, 1697462671925, 1697462672010, 1697462672100, 1697462672187, 1697462672270, 1697462672461, 1697462672544, 1697462672627, 1697462672897, 1697462672983, 1697462673197, 1697462673295, 1697462673374, 1697462673453, 1697462673532, 1697462673611, 1697462673689, 1697462673768, 1697462673847, 1697462673940, 1697462674020, 1697462674099, 1697462674182, 1697462674263, 1697462674343, 1697462674422, 1697462674501, 1697462674580, 1697462674659, 1697462675163, 1697462675356, 1697462675451, 1697462675531, 1697462675612, 1697462675694, 1697462675773, 1697462675854, 1697462675934, 1697462676015, 1697462676099, 1697462676189]"
325,760,11,[],200,EleutherAI/gpt-neox-20b,32,1,11743.0,1.0,4,T4,1697462661240,1697462672983.0,120,335.0,64.0,"[17, 2379, 110, 97, 96, 108, 107, 93, 91, 607, 99, 97, 97, 110, 108, 93, 384, 104, 806, 95, 107, 89, 90, 89, 90, 90, 564, 543, 105, 198, 91, 91, 88, 100, 87, 88, 88, 88, 90, 88, 88, 90, 98, 84, 82, 82, 846, 154, 84, 84, 84, 84, 97, 83, 83, 85, 90, 87, 83, 191, 83, 83, 270, 86]","[1697462661257, 1697462663636, 1697462663746, 1697462663843, 1697462663939, 1697462664047, 1697462664154, 1697462664247, 1697462664338, 1697462664945, 1697462665044, 1697462665141, 1697462665238, 1697462665348, 1697462665456, 1697462665549, 1697462665933, 1697462666037, 1697462666843, 1697462666938, 1697462667045, 1697462667134, 1697462667224, 1697462667313, 1697462667403, 1697462667493, 1697462668057, 1697462668600, 1697462668705, 1697462668903, 1697462668994, 1697462669085, 1697462669173, 1697462669273, 1697462669360, 1697462669448, 1697462669536, 1697462669624, 1697462669714, 1697462669802, 1697462669890, 1697462669980, 1697462670078, 1697462670162, 1697462670244, 1697462670326, 1697462671172, 1697462671326, 1697462671410, 1697462671494, 1697462671578, 1697462671662, 1697462671759, 1697462671842, 1697462671925, 1697462672010, 1697462672100, 1697462672187, 1697462672270, 1697462672461, 1697462672544, 1697462672627, 1697462672897, 1697462672983]"
326,183,4,[],200,EleutherAI/gpt-neox-20b,32,1,12452.0,1.0,4,T4,1697462638687,1697462651139.0,120,17.0,50.0,"[15, 2335, 108, 95, 89, 92, 99, 90, 90, 914, 109, 92, 92, 92, 92, 308, 92, 104, 815, 94, 107, 102, 89, 89, 89, 1022, 95, 96, 104, 90, 102, 671, 94, 93, 93, 93, 104, 928, 103, 97, 86, 1117, 96, 96, 109, 106, 104, 464, 96, 100]","[1697462638702, 1697462641037, 1697462641145, 1697462641240, 1697462641329, 1697462641421, 1697462641520, 1697462641610, 1697462641700, 1697462642614, 1697462642723, 1697462642815, 1697462642907, 1697462642999, 1697462643091, 1697462643399, 1697462643491, 1697462643595, 1697462644410, 1697462644504, 1697462644611, 1697462644713, 1697462644802, 1697462644891, 1697462644980, 1697462646002, 1697462646097, 1697462646193, 1697462646297, 1697462646387, 1697462646489, 1697462647160, 1697462647254, 1697462647347, 1697462647440, 1697462647533, 1697462647637, 1697462648565, 1697462648668, 1697462648765, 1697462648851, 1697462649968, 1697462650064, 1697462650160, 1697462650269, 1697462650375, 1697462650479, 1697462650943, 1697462651039, 1697462651139]"
327,102,12,[],200,EleutherAI/gpt-neox-20b,32,1,5699.0,1.0,4,T4,1697462661239,1697462666938.0,120,84.0,20.0,"[19, 2378, 110, 97, 96, 108, 107, 93, 90, 608, 99, 97, 97, 110, 108, 93, 385, 103, 806, 95]","[1697462661258, 1697462663636, 1697462663746, 1697462663843, 1697462663939, 1697462664047, 1697462664154, 1697462664247, 1697462664337, 1697462664945, 1697462665044, 1697462665141, 1697462665238, 1697462665348, 1697462665456, 1697462665549, 1697462665934, 1697462666037, 1697462666843, 1697462666938]"
328,435,15,[],200,EleutherAI/gpt-neox-20b,32,1,11255.0,1.0,4,T4,1697462671084,1697462682339.0,120,563.0,27.0,"[9, 7345, 83, 83, 82, 83, 85, 87, 253, 82, 84, 82, 80, 720, 298, 89, 89, 89, 98, 94, 82, 452, 480, 81, 82, 81, 82]","[1697462671093, 1697462678438, 1697462678521, 1697462678604, 1697462678686, 1697462678769, 1697462678854, 1697462678941, 1697462679194, 1697462679276, 1697462679360, 1697462679442, 1697462679522, 1697462680242, 1697462680540, 1697462680629, 1697462680718, 1697462680807, 1697462680905, 1697462680999, 1697462681081, 1697462681533, 1697462682013, 1697462682094, 1697462682176, 1697462682257, 1697462682339]"
329,417,10,[],200,EleutherAI/gpt-neox-20b,32,1,929.0,1.0,4,T4,1697462652562,1697462653491.0,120,17.0,1.0,"[15, 914]","[1697462652577, 1697462653491]"
330,249,11,[],200,EleutherAI/gpt-neox-20b,32,1,2062.0,1.0,4,T4,1697462653492,1697462655554.0,120,874.0,5.0,"[10, 1751, 105, 104, 91]","[1697462653502, 1697462655253, 1697462655358, 1697462655462, 1697462655553]"
331,612,4,[],200,EleutherAI/gpt-neox-20b,32,1,6525.0,1.0,4,T4,1697462644614,1697462651139.0,120,93.0,20.0,"[11, 2535, 94, 92, 94, 93, 104, 928, 102, 98, 86, 1117, 96, 96, 109, 107, 103, 464, 96, 100]","[1697462644625, 1697462647160, 1697462647254, 1697462647346, 1697462647440, 1697462647533, 1697462647637, 1697462648565, 1697462648667, 1697462648765, 1697462648851, 1697462649968, 1697462650064, 1697462650160, 1697462650269, 1697462650376, 1697462650479, 1697462650943, 1697462651039, 1697462651139]"
332,564,8,[],200,EleutherAI/gpt-neox-20b,32,1,5698.0,1.0,4,T4,1697462661240,1697462666938.0,120,84.0,20.0,"[14, 2382, 110, 97, 96, 108, 107, 93, 91, 607, 99, 97, 97, 110, 108, 93, 384, 104, 806, 95]","[1697462661254, 1697462663636, 1697462663746, 1697462663843, 1697462663939, 1697462664047, 1697462664154, 1697462664247, 1697462664338, 1697462664945, 1697462665044, 1697462665141, 1697462665238, 1697462665348, 1697462665456, 1697462665549, 1697462665933, 1697462666037, 1697462666843, 1697462666938]"
333,186,12,[],200,EleutherAI/gpt-neox-20b,32,1,6956.0,1.0,4,T4,1697462655557,1697462662513.0,120,123.0,22.0,"[6, 2841, 99, 97, 98, 114, 107, 94, 94, 769, 114, 110, 95, 94, 105, 477, 90, 100, 88, 87, 1172, 104]","[1697462655563, 1697462658404, 1697462658503, 1697462658600, 1697462658698, 1697462658812, 1697462658919, 1697462659013, 1697462659107, 1697462659876, 1697462659990, 1697462660100, 1697462660195, 1697462660289, 1697462660394, 1697462660871, 1697462660961, 1697462661061, 1697462661149, 1697462661236, 1697462662408, 1697462662512]"
334,216,3,[],200,EleutherAI/gpt-neox-20b,32,1,5441.0,1.0,4,T4,1697462636260,1697462641701.0,120,91.0,20.0,"[14, 1934, 108, 93, 100, 87, 88, 1599, 103, 89, 89, 89, 384, 109, 94, 89, 92, 99, 89, 91]","[1697462636274, 1697462638208, 1697462638316, 1697462638409, 1697462638509, 1697462638596, 1697462638684, 1697462640283, 1697462640386, 1697462640475, 1697462640564, 1697462640653, 1697462641037, 1697462641146, 1697462641240, 1697462641329, 1697462641421, 1697462641520, 1697462641609, 1697462641700]"
335,477,14,[],200,EleutherAI/gpt-neox-20b,32,1,13727.0,1.0,4,T4,1697462670329,1697462684056.0,120,244.0,50.0,"[8, 6524, 86, 96, 82, 84, 82, 82, 82, 82, 82, 83, 219, 517, 83, 83, 82, 83, 85, 87, 253, 82, 84, 82, 80, 720, 298, 89, 89, 89, 97, 95, 81, 453, 479, 82, 82, 81, 82, 668, 90, 89, 89, 96, 251, 99, 83, 83, 88, 81]","[1697462670337, 1697462676861, 1697462676947, 1697462677043, 1697462677125, 1697462677209, 1697462677291, 1697462677373, 1697462677455, 1697462677537, 1697462677619, 1697462677702, 1697462677921, 1697462678438, 1697462678521, 1697462678604, 1697462678686, 1697462678769, 1697462678854, 1697462678941, 1697462679194, 1697462679276, 1697462679360, 1697462679442, 1697462679522, 1697462680242, 1697462680540, 1697462680629, 1697462680718, 1697462680807, 1697462680904, 1697462680999, 1697462681080, 1697462681533, 1697462682012, 1697462682094, 1697462682176, 1697462682257, 1697462682339, 1697462683007, 1697462683097, 1697462683186, 1697462683275, 1697462683371, 1697462683622, 1697462683721, 1697462683804, 1697462683887, 1697462683975, 1697462684056]"
336,583,15,[],200,EleutherAI/gpt-neox-20b,32,1,8524.0,1.0,4,T4,1697462676950,1697462685474.0,120,96.0,20.0,"[15, 6042, 90, 89, 89, 96, 251, 99, 83, 83, 88, 81, 793, 89, 99, 82, 89, 88, 89, 88]","[1697462676965, 1697462683007, 1697462683097, 1697462683186, 1697462683275, 1697462683371, 1697462683622, 1697462683721, 1697462683804, 1697462683887, 1697462683975, 1697462684056, 1697462684849, 1697462684938, 1697462685037, 1697462685119, 1697462685208, 1697462685296, 1697462685385, 1697462685473]"
337,444,5,[],200,EleutherAI/gpt-neox-20b,32,1,2851.0,1.0,4,T4,1697462651140,1697462653991.0,120,457.0,6.0,"[5, 2445, 109, 106, 99, 87]","[1697462651145, 1697462653590, 1697462653699, 1697462653805, 1697462653904, 1697462653991]"
338,389,6,[],200,EleutherAI/gpt-neox-20b,32,1,2746.0,1.0,4,T4,1697462653994,1697462656740.0,120,8.0,1.0,"[6, 2740]","[1697462654000, 1697462656740]"
339,221,7,[],200,EleutherAI/gpt-neox-20b,32,1,8605.0,1.0,4,T4,1697462656743,1697462665348.0,120,364.0,36.0,"[6, 1655, 99, 97, 98, 114, 107, 94, 94, 769, 114, 110, 96, 93, 105, 477, 90, 100, 88, 87, 1172, 104, 100, 1024, 110, 97, 96, 108, 107, 92, 91, 607, 100, 97, 97, 110]","[1697462656749, 1697462658404, 1697462658503, 1697462658600, 1697462658698, 1697462658812, 1697462658919, 1697462659013, 1697462659107, 1697462659876, 1697462659990, 1697462660100, 1697462660196, 1697462660289, 1697462660394, 1697462660871, 1697462660961, 1697462661061, 1697462661149, 1697462661236, 1697462662408, 1697462662512, 1697462662612, 1697462663636, 1697462663746, 1697462663843, 1697462663939, 1697462664047, 1697462664154, 1697462664246, 1697462664337, 1697462664944, 1697462665044, 1697462665141, 1697462665238, 1697462665348]"
340,481,18,[],200,EleutherAI/gpt-neox-20b,32,1,898.0,1.0,4,T4,1697462663943,1697462664841.0,120,10.0,1.0,"[15, 883]","[1697462663958, 1697462664841]"
341,310,19,[],200,EleutherAI/gpt-neox-20b,32,1,3656.0,1.0,4,T4,1697462664845,1697462668501.0,120,26.0,1.0,"[12, 3644]","[1697462664857, 1697462668501]"
342,133,20,[],200,EleutherAI/gpt-neox-20b,32,1,2578.0,1.0,4,T4,1697462668504,1697462671082.0,120,15.0,1.0,"[15, 2563]","[1697462668519, 1697462671082]"
343,792,12,[],200,EleutherAI/gpt-neox-20b,32,1,899.0,1.0,4,T4,1697462659879,1697462660778.0,120,11.0,1.0,"[15, 884]","[1697462659894, 1697462660778]"
344,894,21,[],200,EleutherAI/gpt-neox-20b,32,1,3983.0,1.0,4,T4,1697462671086,1697462675069.0,120,14.0,1.0,"[22, 3961]","[1697462671108, 1697462675069]"
345,617,13,[],200,EleutherAI/gpt-neox-20b,32,1,5153.0,1.0,4,T4,1697462660781,1697462665934.0,120,87.0,20.0,"[6, 1621, 104, 100, 1024, 110, 97, 96, 108, 107, 92, 92, 607, 99, 97, 96, 111, 108, 93, 385]","[1697462660787, 1697462662408, 1697462662512, 1697462662612, 1697462663636, 1697462663746, 1697462663843, 1697462663939, 1697462664047, 1697462664154, 1697462664246, 1697462664338, 1697462664945, 1697462665044, 1697462665141, 1697462665237, 1697462665348, 1697462665456, 1697462665549, 1697462665934]"
346,839,22,[],200,EleutherAI/gpt-neox-20b,32,1,5737.0,1.0,4,T4,1697462675071,1697462680808.0,120,58.0,5.0,"[10, 5459, 89, 89, 90]","[1697462675081, 1697462680540, 1697462680629, 1697462680718, 1697462680808]"
347,293,7,[],200,EleutherAI/gpt-neox-20b,32,1,7313.0,1.0,4,T4,1697462646492,1697462653805.0,120,91.0,20.0,"[12, 3464, 96, 96, 109, 107, 103, 464, 96, 100, 97, 917, 100, 110, 98, 97, 102, 930, 109, 106]","[1697462646504, 1697462649968, 1697462650064, 1697462650160, 1697462650269, 1697462650376, 1697462650479, 1697462650943, 1697462651039, 1697462651139, 1697462651236, 1697462652153, 1697462652253, 1697462652363, 1697462652461, 1697462652558, 1697462652660, 1697462653590, 1697462653699, 1697462653805]"
348,671,23,[],200,EleutherAI/gpt-neox-20b,32,1,3943.0,1.0,4,T4,1697462680809,1697462684752.0,120,12.0,1.0,"[13, 3930]","[1697462680822, 1697462684752]"
349,744,11,[],200,EleutherAI/gpt-neox-20b,32,1,1429.0,1.0,4,T4,1697462652562,1697462653991.0,120,161.0,6.0,"[19, 1009, 109, 106, 99, 87]","[1697462652581, 1697462653590, 1697462653699, 1697462653805, 1697462653904, 1697462653991]"
350,492,24,[],200,EleutherAI/gpt-neox-20b,32,1,5396.0,1.0,4,T4,1697462684753,1697462690149.0,120,47.0,20.0,"[6, 1578, 104, 88, 911, 99, 753, 96, 95, 96, 106, 91, 101, 89, 87, 89, 88, 92, 736, 90]","[1697462684759, 1697462686337, 1697462686441, 1697462686529, 1697462687440, 1697462687539, 1697462688292, 1697462688388, 1697462688483, 1697462688579, 1697462688685, 1697462688776, 1697462688877, 1697462688966, 1697462689053, 1697462689142, 1697462689230, 1697462689322, 1697462690058, 1697462690148]"
351,565,12,[],200,EleutherAI/gpt-neox-20b,32,1,6401.0,1.0,4,T4,1697462653994,1697462660395.0,120,91.0,20.0,"[10, 2843, 108, 108, 94, 98, 1149, 98, 98, 98, 113, 108, 94, 94, 769, 114, 110, 95, 94, 106]","[1697462654004, 1697462656847, 1697462656955, 1697462657063, 1697462657157, 1697462657255, 1697462658404, 1697462658502, 1697462658600, 1697462658698, 1697462658811, 1697462658919, 1697462659013, 1697462659107, 1697462659876, 1697462659990, 1697462660100, 1697462660195, 1697462660289, 1697462660395]"
352,863,13,[],200,EleutherAI/gpt-neox-20b,32,1,4140.0,1.0,4,T4,1697462666942,1697462671082.0,120,10.0,1.0,"[16, 4124]","[1697462666958, 1697462671082]"
353,324,25,[],200,EleutherAI/gpt-neox-20b,32,1,11432.0,1.0,4,T4,1697462690152,1697462701584.0,120,17.0,50.0,"[5, 2372, 95, 102, 88, 98, 87, 766, 93, 107, 92, 90, 503, 104, 89, 89, 94, 798, 105, 91, 104, 91, 271, 105, 102, 94, 79, 893, 106, 92, 92, 102, 413, 96, 107, 310, 103, 614, 96, 108, 110, 99, 94, 107, 694, 108, 103, 91, 90, 89]","[1697462690157, 1697462692529, 1697462692624, 1697462692726, 1697462692814, 1697462692912, 1697462692999, 1697462693765, 1697462693858, 1697462693965, 1697462694057, 1697462694147, 1697462694650, 1697462694754, 1697462694843, 1697462694932, 1697462695026, 1697462695824, 1697462695929, 1697462696020, 1697462696124, 1697462696215, 1697462696486, 1697462696591, 1697462696693, 1697462696787, 1697462696866, 1697462697759, 1697462697865, 1697462697957, 1697462698049, 1697462698151, 1697462698564, 1697462698660, 1697462698767, 1697462699077, 1697462699180, 1697462699794, 1697462699890, 1697462699998, 1697462700108, 1697462700207, 1697462700301, 1697462700408, 1697462701102, 1697462701210, 1697462701313, 1697462701404, 1697462701494, 1697462701583]"
354,132,7,[],200,EleutherAI/gpt-neox-20b,32,1,5122.0,1.0,4,T4,1697462642515,1697462647637.0,120,100.0,20.0,"[12, 1882, 95, 108, 101, 89, 88, 90, 1022, 95, 96, 104, 90, 102, 671, 94, 93, 93, 93, 104]","[1697462642527, 1697462644409, 1697462644504, 1697462644612, 1697462644713, 1697462644802, 1697462644890, 1697462644980, 1697462646002, 1697462646097, 1697462646193, 1697462646297, 1697462646387, 1697462646489, 1697462647160, 1697462647254, 1697462647347, 1697462647440, 1697462647533, 1697462647637]"
355,463,12,[],200,EleutherAI/gpt-neox-20b,32,1,1559.0,1.0,4,T4,1697462653594,1697462655153.0,120,39.0,1.0,"[13, 1546]","[1697462653607, 1697462655153]"
356,285,13,[],200,EleutherAI/gpt-neox-20b,32,1,7356.0,1.0,4,T4,1697462655157,1697462662513.0,120,100.0,27.0,"[16, 1674, 108, 108, 94, 98, 1149, 98, 98, 98, 113, 108, 94, 94, 769, 114, 110, 95, 94, 106, 476, 90, 100, 88, 87, 1172, 104]","[1697462655173, 1697462656847, 1697462656955, 1697462657063, 1697462657157, 1697462657255, 1697462658404, 1697462658502, 1697462658600, 1697462658698, 1697462658811, 1697462658919, 1697462659013, 1697462659107, 1697462659876, 1697462659990, 1697462660100, 1697462660195, 1697462660289, 1697462660395, 1697462660871, 1697462660961, 1697462661061, 1697462661149, 1697462661236, 1697462662408, 1697462662512]"
357,185,4,[],200,EleutherAI/gpt-neox-20b,32,1,4494.0,1.0,4,T4,1697462636159,1697462640653.0,120,93.0,20.0,"[6, 894, 94, 95, 106, 93, 91, 92, 104, 474, 108, 92, 101, 87, 88, 1599, 103, 89, 89, 89]","[1697462636165, 1697462637059, 1697462637153, 1697462637248, 1697462637354, 1697462637447, 1697462637538, 1697462637630, 1697462637734, 1697462638208, 1697462638316, 1697462638408, 1697462638509, 1697462638596, 1697462638684, 1697462640283, 1697462640386, 1697462640475, 1697462640564, 1697462640653]"
358,691,14,[],200,EleutherAI/gpt-neox-20b,32,1,4187.0,1.0,4,T4,1697462671084,1697462675271.0,120,47.0,1.0,"[16, 4171]","[1697462671100, 1697462675271]"
359,639,15,[],200,EleutherAI/gpt-neox-20b,32,1,5631.0,1.0,4,T4,1697462675274,1697462680905.0,120,100.0,6.0,"[14, 5252, 89, 89, 90, 97]","[1697462675288, 1697462680540, 1697462680629, 1697462680718, 1697462680808, 1697462680905]"
360,398,13,[],200,EleutherAI/gpt-neox-20b,32,1,5536.0,1.0,4,T4,1697462660398,1697462665934.0,120,87.0,20.0,"[16, 1994, 104, 100, 1024, 110, 96, 97, 108, 106, 94, 91, 607, 99, 97, 97, 110, 108, 93, 385]","[1697462660414, 1697462662408, 1697462662512, 1697462662612, 1697462663636, 1697462663746, 1697462663842, 1697462663939, 1697462664047, 1697462664153, 1697462664247, 1697462664338, 1697462664945, 1697462665044, 1697462665141, 1697462665238, 1697462665348, 1697462665456, 1697462665549, 1697462665934]"
361,126,8,[],200,EleutherAI/gpt-neox-20b,32,1,1344.0,1.0,4,T4,1697462653809,1697462655153.0,120,19.0,1.0,"[14, 1330]","[1697462653823, 1697462655153]"
362,463,16,[],200,EleutherAI/gpt-neox-20b,32,1,3845.0,1.0,4,T4,1697462680908,1697462684753.0,120,39.0,1.0,"[6, 3839]","[1697462680914, 1697462684753]"
363,97,13,[],200,EleutherAI/gpt-neox-20b,32,1,7291.0,1.0,4,T4,1697462649866,1697462657157.0,120,6.0,20.0,"[16, 2271, 100, 110, 98, 97, 102, 930, 109, 106, 99, 87, 1262, 105, 104, 91, 1293, 109, 108, 94]","[1697462649882, 1697462652153, 1697462652253, 1697462652363, 1697462652461, 1697462652558, 1697462652660, 1697462653590, 1697462653699, 1697462653805, 1697462653904, 1697462653991, 1697462655253, 1697462655358, 1697462655462, 1697462655553, 1697462656846, 1697462656955, 1697462657063, 1697462657157]"
364,292,17,[],200,EleutherAI/gpt-neox-20b,32,1,3437.0,1.0,4,T4,1697462684755,1697462688192.0,120,286.0,1.0,"[12, 3425]","[1697462684767, 1697462688192]"
365,116,18,[],200,EleutherAI/gpt-neox-20b,32,1,1767.0,1.0,4,T4,1697462688195,1697462689962.0,120,23.0,1.0,"[15, 1752]","[1697462688210, 1697462689962]"
366,68,19,[],200,EleutherAI/gpt-neox-20b,32,1,1570.0,1.0,4,T4,1697462689965,1697462691535.0,120,12.0,1.0,"[16, 1553]","[1697462689981, 1697462691534]"
367,231,14,[],200,EleutherAI/gpt-neox-20b,32,1,1012.0,1.0,4,T4,1697462662517,1697462663529.0,120,13.0,1.0,"[13, 999]","[1697462662530, 1697462663529]"
368,822,20,[],200,EleutherAI/gpt-neox-20b,32,1,6512.0,1.0,4,T4,1697462691537,1697462698049.0,120,88.0,20.0,"[16, 3097, 104, 89, 89, 93, 799, 105, 91, 104, 91, 271, 106, 101, 94, 79, 893, 106, 92, 92]","[1697462691553, 1697462694650, 1697462694754, 1697462694843, 1697462694932, 1697462695025, 1697462695824, 1697462695929, 1697462696020, 1697462696124, 1697462696215, 1697462696486, 1697462696592, 1697462696693, 1697462696787, 1697462696866, 1697462697759, 1697462697865, 1697462697957, 1697462698049]"
369,42,8,[],200,EleutherAI/gpt-neox-20b,32,1,3149.0,1.0,4,T4,1697462665352,1697462668501.0,120,10.0,1.0,"[14, 3134]","[1697462665366, 1697462668500]"
370,804,9,[],200,EleutherAI/gpt-neox-20b,32,1,2577.0,1.0,4,T4,1697462668505,1697462671082.0,120,20.0,1.0,"[17, 2560]","[1697462668522, 1697462671082]"
371,742,10,[],200,EleutherAI/gpt-neox-20b,32,1,7859.0,1.0,4,T4,1697462671083,1697462678942.0,120,89.0,20.0,"[7, 5771, 86, 96, 82, 84, 82, 82, 82, 82, 82, 83, 219, 517, 83, 83, 82, 83, 85, 87]","[1697462671090, 1697462676861, 1697462676947, 1697462677043, 1697462677125, 1697462677209, 1697462677291, 1697462677373, 1697462677455, 1697462677537, 1697462677619, 1697462677702, 1697462677921, 1697462678438, 1697462678521, 1697462678604, 1697462678686, 1697462678769, 1697462678854, 1697462678941]"
372,579,11,[],200,EleutherAI/gpt-neox-20b,32,1,3964.0,1.0,4,T4,1697462678946,1697462682910.0,120,19.0,1.0,"[19, 3945]","[1697462678965, 1697462682910]"
373,404,12,[],200,EleutherAI/gpt-neox-20b,32,1,7236.0,1.0,4,T4,1697462682913,1697462690149.0,120,87.0,20.0,"[16, 3408, 104, 88, 911, 99, 752, 97, 95, 96, 106, 91, 101, 88, 88, 89, 89, 91, 735, 91]","[1697462682929, 1697462686337, 1697462686441, 1697462686529, 1697462687440, 1697462687539, 1697462688291, 1697462688388, 1697462688483, 1697462688579, 1697462688685, 1697462688776, 1697462688877, 1697462688965, 1697462689053, 1697462689142, 1697462689231, 1697462689322, 1697462690057, 1697462690148]"
374,647,21,[],200,EleutherAI/gpt-neox-20b,32,1,4883.0,1.0,4,T4,1697462698050,1697462702933.0,120,83.0,20.0,"[13, 1731, 96, 108, 110, 99, 94, 107, 694, 108, 103, 91, 90, 89, 101, 100, 88, 88, 879, 94]","[1697462698063, 1697462699794, 1697462699890, 1697462699998, 1697462700108, 1697462700207, 1697462700301, 1697462700408, 1697462701102, 1697462701210, 1697462701313, 1697462701404, 1697462701494, 1697462701583, 1697462701684, 1697462701784, 1697462701872, 1697462701960, 1697462702839, 1697462702933]"
375,284,13,[],200,EleutherAI/gpt-neox-20b,32,1,7179.0,1.0,4,T4,1697462657159,1697462664338.0,120,90.0,31.0,"[6, 1239, 99, 97, 98, 113, 108, 94, 94, 770, 113, 110, 95, 94, 105, 477, 90, 100, 88, 87, 1172, 104, 100, 1024, 110, 96, 97, 108, 106, 93, 92]","[1697462657165, 1697462658404, 1697462658503, 1697462658600, 1697462658698, 1697462658811, 1697462658919, 1697462659013, 1697462659107, 1697462659877, 1697462659990, 1697462660100, 1697462660195, 1697462660289, 1697462660394, 1697462660871, 1697462660961, 1697462661061, 1697462661149, 1697462661236, 1697462662408, 1697462662512, 1697462662612, 1697462663636, 1697462663746, 1697462663842, 1697462663939, 1697462664047, 1697462664153, 1697462664246, 1697462664338]"
376,437,7,[],200,EleutherAI/gpt-neox-20b,32,1,11058.0,1.0,4,T4,1697462647640,1697462658698.0,120,91.0,29.0,"[8, 3295, 96, 100, 97, 917, 100, 110, 98, 97, 102, 930, 109, 105, 100, 87, 1262, 105, 104, 91, 1293, 109, 108, 94, 98, 1149, 98, 98, 98]","[1697462647648, 1697462650943, 1697462651039, 1697462651139, 1697462651236, 1697462652153, 1697462652253, 1697462652363, 1697462652461, 1697462652558, 1697462652660, 1697462653590, 1697462653699, 1697462653804, 1697462653904, 1697462653991, 1697462655253, 1697462655358, 1697462655462, 1697462655553, 1697462656846, 1697462656955, 1697462657063, 1697462657157, 1697462657255, 1697462658404, 1697462658502, 1697462658600, 1697462658698]"
377,627,3,[],200,EleutherAI/gpt-neox-20b,32,1,5264.0,1.0,4,T4,1697462628220,1697462633484.0,120,93.0,20.0,"[8, 1093, 95, 93, 106, 103, 102, 653, 96, 84, 84, 953, 107, 102, 96, 1063, 112, 97, 111, 106]","[1697462628228, 1697462629321, 1697462629416, 1697462629509, 1697462629615, 1697462629718, 1697462629820, 1697462630473, 1697462630569, 1697462630653, 1697462630737, 1697462631690, 1697462631797, 1697462631899, 1697462631995, 1697462633058, 1697462633170, 1697462633267, 1697462633378, 1697462633484]"
378,80,8,[],200,EleutherAI/gpt-neox-20b,32,1,2223.0,1.0,4,T4,1697462647641,1697462649864.0,120,13.0,1.0,"[11, 2212]","[1697462647652, 1697462649864]"
379,71,9,[],200,EleutherAI/gpt-neox-20b,32,1,3657.0,1.0,4,T4,1697462655155,1697462658812.0,120,364.0,11.0,"[8, 1684, 108, 108, 94, 98, 1149, 99, 97, 98, 114]","[1697462655163, 1697462656847, 1697462656955, 1697462657063, 1697462657157, 1697462657255, 1697462658404, 1697462658503, 1697462658600, 1697462658698, 1697462658812]"
380,834,9,[],200,EleutherAI/gpt-neox-20b,32,1,7293.0,1.0,4,T4,1697462649865,1697462657158.0,120,85.0,20.0,"[13, 2275, 100, 110, 98, 97, 102, 930, 109, 106, 99, 87, 1262, 105, 104, 91, 1293, 109, 108, 94]","[1697462649878, 1697462652153, 1697462652253, 1697462652363, 1697462652461, 1697462652558, 1697462652660, 1697462653590, 1697462653699, 1697462653805, 1697462653904, 1697462653991, 1697462655253, 1697462655358, 1697462655462, 1697462655553, 1697462656846, 1697462656955, 1697462657063, 1697462657157]"
381,659,10,[],200,EleutherAI/gpt-neox-20b,32,1,66230.0,1.0,4,T4,1697462657163,1697462723393.0,120,286.0,381.0,"[21, 2693, 113, 110, 95, 94, 106, 476, 90, 100, 88, 87, 1172, 104, 100, 1024, 110, 97, 96, 108, 107, 92, 91, 608, 99, 97, 97, 110, 108, 93, 385, 103, 805, 96, 107, 89, 90, 89, 90, 90, 564, 543, 105, 198, 91, 91, 88, 100, 87, 88, 88, 88, 90, 88, 88, 90, 98, 84, 82, 82, 845, 155, 84, 84, 84, 84, 97, 83, 82, 86, 90, 87, 83, 191, 83, 83, 270, 86, 214, 98, 79, 79, 79, 79, 78, 79, 79, 93, 80, 79, 83, 81, 80, 79, 79, 79, 79, 504, 193, 94, 81, 81, 82, 79, 81, 80, 81, 84, 90, 672, 86, 96, 82, 84, 82, 82, 82, 82, 82, 83, 219, 517, 83, 83, 82, 83, 85, 87, 253, 82, 84, 82, 81, 719, 298, 89, 89, 90, 96, 95, 81, 453, 479, 82, 82, 81, 82, 668, 90, 89, 89, 96, 251, 99, 83, 83, 88, 80, 794, 89, 100, 81, 88, 89, 89, 88, 373, 97, 394, 104, 88, 911, 99, 753, 96, 95, 96, 106, 91, 101, 88, 88, 89, 90, 90, 736, 90, 94, 496, 102, 95, 699, 106, 92, 93, 93, 91, 92, 92, 235, 96, 102, 88, 98, 87, 766, 93, 107, 91, 91, 503, 104, 89, 89, 94, 798, 105, 91, 104, 91, 271, 105, 102, 94, 79, 894, 105, 92, 92, 102, 413, 96, 107, 310, 103, 614, 96, 108, 110, 99, 94, 107, 694, 108, 102, 92, 90, 89, 101, 100, 88, 88, 879, 94, 96, 613, 95, 93, 108, 95, 94, 503, 109, 91, 901, 109, 95, 105, 93, 92, 92, 524, 97, 95, 104, 90, 98, 971, 95, 107, 104, 103, 101, 795, 90, 90, 90, 90, 90, 91, 653, 103, 190, 90, 89, 89, 100, 88, 94, 94, 82, 79, 789, 299, 98, 83, 83, 82, 210, 87, 99, 456, 82, 358, 84, 82, 83, 81, 96, 86, 204, 82, 94, 81, 81, 81, 782, 84, 85, 88, 90, 84, 204, 84, 83, 85, 97, 83, 83, 96, 82, 82, 81, 81, 82, 580, 190, 83, 82, 83, 83, 96, 94, 81, 83, 84, 387, 82, 81, 82, 452, 83, 84, 86, 229, 193, 97, 83, 85, 81, 82, 84, 87, 660, 91, 103, 91, 93, 90, 89, 89]","[1697462657184, 1697462659877, 1697462659990, 1697462660100, 1697462660195, 1697462660289, 1697462660395, 1697462660871, 1697462660961, 1697462661061, 1697462661149, 1697462661236, 1697462662408, 1697462662512, 1697462662612, 1697462663636, 1697462663746, 1697462663843, 1697462663939, 1697462664047, 1697462664154, 1697462664246, 1697462664337, 1697462664945, 1697462665044, 1697462665141, 1697462665238, 1697462665348, 1697462665456, 1697462665549, 1697462665934, 1697462666037, 1697462666842, 1697462666938, 1697462667045, 1697462667134, 1697462667224, 1697462667313, 1697462667403, 1697462667493, 1697462668057, 1697462668600, 1697462668705, 1697462668903, 1697462668994, 1697462669085, 1697462669173, 1697462669273, 1697462669360, 1697462669448, 1697462669536, 1697462669624, 1697462669714, 1697462669802, 1697462669890, 1697462669980, 1697462670078, 1697462670162, 1697462670244, 1697462670326, 1697462671171, 1697462671326, 1697462671410, 1697462671494, 1697462671578, 1697462671662, 1697462671759, 1697462671842, 1697462671924, 1697462672010, 1697462672100, 1697462672187, 1697462672270, 1697462672461, 1697462672544, 1697462672627, 1697462672897, 1697462672983, 1697462673197, 1697462673295, 1697462673374, 1697462673453, 1697462673532, 1697462673611, 1697462673689, 1697462673768, 1697462673847, 1697462673940, 1697462674020, 1697462674099, 1697462674182, 1697462674263, 1697462674343, 1697462674422, 1697462674501, 1697462674580, 1697462674659, 1697462675163, 1697462675356, 1697462675450, 1697462675531, 1697462675612, 1697462675694, 1697462675773, 1697462675854, 1697462675934, 1697462676015, 1697462676099, 1697462676189, 1697462676861, 1697462676947, 1697462677043, 1697462677125, 1697462677209, 1697462677291, 1697462677373, 1697462677455, 1697462677537, 1697462677619, 1697462677702, 1697462677921, 1697462678438, 1697462678521, 1697462678604, 1697462678686, 1697462678769, 1697462678854, 1697462678941, 1697462679194, 1697462679276, 1697462679360, 1697462679442, 1697462679523, 1697462680242, 1697462680540, 1697462680629, 1697462680718, 1697462680808, 1697462680904, 1697462680999, 1697462681080, 1697462681533, 1697462682012, 1697462682094, 1697462682176, 1697462682257, 1697462682339, 1697462683007, 1697462683097, 1697462683186, 1697462683275, 1697462683371, 1697462683622, 1697462683721, 1697462683804, 1697462683887, 1697462683975, 1697462684055, 1697462684849, 1697462684938, 1697462685038, 1697462685119, 1697462685207, 1697462685296, 1697462685385, 1697462685473, 1697462685846, 1697462685943, 1697462686337, 1697462686441, 1697462686529, 1697462687440, 1697462687539, 1697462688292, 1697462688388, 1697462688483, 1697462688579, 1697462688685, 1697462688776, 1697462688877, 1697462688965, 1697462689053, 1697462689142, 1697462689232, 1697462689322, 1697462690058, 1697462690148, 1697462690242, 1697462690738, 1697462690840, 1697462690935, 1697462691634, 1697462691740, 1697462691832, 1697462691925, 1697462692018, 1697462692109, 1697462692201, 1697462692293, 1697462692528, 1697462692624, 1697462692726, 1697462692814, 1697462692912, 1697462692999, 1697462693765, 1697462693858, 1697462693965, 1697462694056, 1697462694147, 1697462694650, 1697462694754, 1697462694843, 1697462694932, 1697462695026, 1697462695824, 1697462695929, 1697462696020, 1697462696124, 1697462696215, 1697462696486, 1697462696591, 1697462696693, 1697462696787, 1697462696866, 1697462697760, 1697462697865, 1697462697957, 1697462698049, 1697462698151, 1697462698564, 1697462698660, 1697462698767, 1697462699077, 1697462699180, 1697462699794, 1697462699890, 1697462699998, 1697462700108, 1697462700207, 1697462700301, 1697462700408, 1697462701102, 1697462701210, 1697462701312, 1697462701404, 1697462701494, 1697462701583, 1697462701684, 1697462701784, 1697462701872, 1697462701960, 1697462702839, 1697462702933, 1697462703029, 1697462703642, 1697462703737, 1697462703830, 1697462703938, 1697462704033, 1697462704127, 1697462704630, 1697462704739, 1697462704830, 1697462705731, 1697462705840, 1697462705935, 1697462706040, 1697462706133, 1697462706225, 1697462706317, 1697462706841, 1697462706938, 1697462707033, 1697462707137, 1697462707227, 1697462707325, 1697462708296, 1697462708391, 1697462708498, 1697462708602, 1697462708705, 1697462708806, 1697462709601, 1697462709691, 1697462709781, 1697462709871, 1697462709961, 1697462710051, 1697462710142, 1697462710795, 1697462710898, 1697462711088, 1697462711178, 1697462711267, 1697462711356, 1697462711456, 1697462711544, 1697462711638, 1697462711732, 1697462711814, 1697462711893, 1697462712682, 1697462712981, 1697462713079, 1697462713162, 1697462713245, 1697462713327, 1697462713537, 1697462713624, 1697462713723, 1697462714179, 1697462714261, 1697462714619, 1697462714703, 1697462714785, 1697462714868, 1697462714949, 1697462715045, 1697462715131, 1697462715335, 1697462715417, 1697462715511, 1697462715592, 1697462715673, 1697462715754, 1697462716536, 1697462716620, 1697462716705, 1697462716793, 1697462716883, 1697462716967, 1697462717171, 1697462717255, 1697462717338, 1697462717423, 1697462717520, 1697462717603, 1697462717686, 1697462717782, 1697462717864, 1697462717946, 1697462718027, 1697462718108, 1697462718190, 1697462718770, 1697462718960, 1697462719043, 1697462719125, 1697462719208, 1697462719291, 1697462719387, 1697462719481, 1697462719562, 1697462719645, 1697462719729, 1697462720116, 1697462720198, 1697462720279, 1697462720361, 1697462720813, 1697462720896, 1697462720980, 1697462721066, 1697462721295, 1697462721488, 1697462721585, 1697462721668, 1697462721753, 1697462721834, 1697462721916, 1697462722000, 1697462722087, 1697462722747, 1697462722838, 1697462722941, 1697462723032, 1697462723125, 1697462723215, 1697462723304, 1697462723393]"
382,446,14,[],200,EleutherAI/gpt-neox-20b,32,1,2563.0,1.0,4,T4,1697462665938,1697462668501.0,120,26.0,1.0,"[23, 2539]","[1697462665961, 1697462668500]"
383,271,15,[],200,EleutherAI/gpt-neox-20b,32,1,4694.0,1.0,4,T4,1697462668503,1697462673197.0,120,87.0,20.0,"[15, 2654, 154, 84, 84, 84, 84, 97, 83, 83, 85, 90, 87, 83, 191, 83, 83, 270, 86, 214]","[1697462668518, 1697462671172, 1697462671326, 1697462671410, 1697462671494, 1697462671578, 1697462671662, 1697462671759, 1697462671842, 1697462671925, 1697462672010, 1697462672100, 1697462672187, 1697462672270, 1697462672461, 1697462672544, 1697462672627, 1697462672897, 1697462672983, 1697462673197]"
384,41,4,[],200,EleutherAI/gpt-neox-20b,32,1,12103.0,1.0,4,T4,1697462641702,1697462653805.0,120,39.0,43.0,"[15, 2692, 95, 107, 102, 89, 89, 89, 1022, 96, 95, 104, 90, 102, 671, 93, 94, 93, 93, 104, 928, 102, 98, 86, 1117, 96, 96, 109, 106, 104, 464, 96, 100, 97, 917, 100, 110, 98, 97, 102, 930, 109, 106]","[1697462641717, 1697462644409, 1697462644504, 1697462644611, 1697462644713, 1697462644802, 1697462644891, 1697462644980, 1697462646002, 1697462646098, 1697462646193, 1697462646297, 1697462646387, 1697462646489, 1697462647160, 1697462647253, 1697462647347, 1697462647440, 1697462647533, 1697462647637, 1697462648565, 1697462648667, 1697462648765, 1697462648851, 1697462649968, 1697462650064, 1697462650160, 1697462650269, 1697462650375, 1697462650479, 1697462650943, 1697462651039, 1697462651139, 1697462651236, 1697462652153, 1697462652253, 1697462652363, 1697462652461, 1697462652558, 1697462652660, 1697462653590, 1697462653699, 1697462653805]"
385,452,4,[],200,EleutherAI/gpt-neox-20b,32,1,1192.0,1.0,4,T4,1697462633486,1697462634678.0,120,216.0,4.0,"[15, 881, 99, 105, 92]","[1697462633501, 1697462634382, 1697462634481, 1697462634586, 1697462634678]"
386,398,5,[],200,EleutherAI/gpt-neox-20b,32,1,4004.0,1.0,4,T4,1697462634681,1697462638685.0,120,87.0,20.0,"[16, 1152, 96, 107, 104, 101, 801, 95, 95, 106, 93, 91, 92, 104, 474, 108, 93, 100, 88, 88]","[1697462634697, 1697462635849, 1697462635945, 1697462636052, 1697462636156, 1697462636257, 1697462637058, 1697462637153, 1697462637248, 1697462637354, 1697462637447, 1697462637538, 1697462637630, 1697462637734, 1697462638208, 1697462638316, 1697462638409, 1697462638509, 1697462638597, 1697462638685]"
387,103,13,[],200,EleutherAI/gpt-neox-20b,32,1,1347.0,1.0,4,T4,1697462653806,1697462655153.0,120,15.0,1.0,"[10, 1336]","[1697462653816, 1697462655152]"
388,828,10,[],200,EleutherAI/gpt-neox-20b,32,1,1475.0,1.0,4,T4,1697462658814,1697462660289.0,120,182.0,6.0,"[15, 1048, 113, 110, 95, 94]","[1697462658829, 1697462659877, 1697462659990, 1697462660100, 1697462660195, 1697462660289]"
389,386,16,[],200,EleutherAI/gpt-neox-20b,32,1,4190.0,1.0,4,T4,1697462682340,1697462686530.0,120,140.0,6.0,"[14, 3492, 97, 394, 104, 88]","[1697462682354, 1697462685846, 1697462685943, 1697462686337, 1697462686441, 1697462686529]"
390,211,17,[],408,EleutherAI/gpt-neox-20b,32,1,,,4,T4,1697462686539,,120,,,"[9, 1744, 96, 95, 97, 105, 91, 101, 88, 88, 89, 91, 89, 736, 90, 94, 497, 101, 95, 699, 106, 92, 92, 94, 91, 92, 92, 236, 95, 102, 88, 98, 87, 766, 93, 107, 92, 90, 503, 104, 89, 89, 94, 798, 105, 91, 104, 91, 271, 105, 102, 94, 79, 893, 106, 92, 92, 102, 413, 96, 107, 310, 103, 614, 96, 108, 110, 99, 94, 106, 695, 108, 103, 91, 90, 89, 101, 100, 88, 88, 879, 93, 97, 613, 95, 94, 107, 95, 94, 503, 109, 91, 901, 109, 95, 105, 93, 92, 92, 525, 96, 95, 104, 90, 98, 971, 95, 108, 103, 103, 101, 795, 90, 90, 90, 90, 90, 91, 653, 103, 190, 90, 89, 89, 100, 88, 94, 94, 82, 79, 789, 299, 98, 83, 83, 82, 210, 87, 99, 456, 82, 358, 84, 82, 82, 82, 96, 86, 204, 82, 94, 81, 81, 81, 782, 84, 85, 88, 90, 84, 204, 84, 83, 85, 97, 83, 83, 96, 82, 82, 81, 81, 82, 580, 190, 83, 82, 83, 83, 96, 94, 81, 83, 84, 387, 82, 81, 82, 452, 83, 84, 86, 229, 193, 97, 83, 85, 81, 82, 84, 87, 660, 92, 102, 91, 93, 90, 89, 89, 755, 92, 104, 91, 90, 89, 90, 90, 90, 695, 92, 101, 655, 115, 102, 95, 94, 91, 92, 92, 105, 223, 111, 90, 103, 601, 94, 93, 107, 104, 89, 668, 101, 97, 92, 91, 90, 91, 103, 90, 91, 278, 93, 92, 102, 89, 88, 90, 88, 91, 748, 90, 77, 77, 86, 75, 75, 80, 73, 354, 80, 88, 74, 76, 74, 75, 75, 77, 75, 83, 74, 76, 75, 73, 73, 73, 73, 73, 73, 73, 83, 76, 74, 73, 74, 75, 74, 74, 73, 73, 72, 73, 74, 73, 73, 75, 73, 74, 74, 74, 75, 74, 73, 73, 73, 74, 74, 74, 74, 75, 75, 73, 75, 75, 74, 74, 74, 74, 74, 74, 74, 74, 75, 76, 84, 74, 75, 74, 75, 75]","[1697462686548, 1697462688292, 1697462688388, 1697462688483, 1697462688580, 1697462688685, 1697462688776, 1697462688877, 1697462688965, 1697462689053, 1697462689142, 1697462689233, 1697462689322, 1697462690058, 1697462690148, 1697462690242, 1697462690739, 1697462690840, 1697462690935, 1697462691634, 1697462691740, 1697462691832, 1697462691924, 1697462692018, 1697462692109, 1697462692201, 1697462692293, 1697462692529, 1697462692624, 1697462692726, 1697462692814, 1697462692912, 1697462692999, 1697462693765, 1697462693858, 1697462693965, 1697462694057, 1697462694147, 1697462694650, 1697462694754, 1697462694843, 1697462694932, 1697462695026, 1697462695824, 1697462695929, 1697462696020, 1697462696124, 1697462696215, 1697462696486, 1697462696591, 1697462696693, 1697462696787, 1697462696866, 1697462697759, 1697462697865, 1697462697957, 1697462698049, 1697462698151, 1697462698564, 1697462698660, 1697462698767, 1697462699077, 1697462699180, 1697462699794, 1697462699890, 1697462699998, 1697462700108, 1697462700207, 1697462700301, 1697462700407, 1697462701102, 1697462701210, 1697462701313, 1697462701404, 1697462701494, 1697462701583, 1697462701684, 1697462701784, 1697462701872, 1697462701960, 1697462702839, 1697462702932, 1697462703029, 1697462703642, 1697462703737, 1697462703831, 1697462703938, 1697462704033, 1697462704127, 1697462704630, 1697462704739, 1697462704830, 1697462705731, 1697462705840, 1697462705935, 1697462706040, 1697462706133, 1697462706225, 1697462706317, 1697462706842, 1697462706938, 1697462707033, 1697462707137, 1697462707227, 1697462707325, 1697462708296, 1697462708391, 1697462708499, 1697462708602, 1697462708705, 1697462708806, 1697462709601, 1697462709691, 1697462709781, 1697462709871, 1697462709961, 1697462710051, 1697462710142, 1697462710795, 1697462710898, 1697462711088, 1697462711178, 1697462711267, 1697462711356, 1697462711456, 1697462711544, 1697462711638, 1697462711732, 1697462711814, 1697462711893, 1697462712682, 1697462712981, 1697462713079, 1697462713162, 1697462713245, 1697462713327, 1697462713537, 1697462713624, 1697462713723, 1697462714179, 1697462714261, 1697462714619, 1697462714703, 1697462714785, 1697462714867, 1697462714949, 1697462715045, 1697462715131, 1697462715335, 1697462715417, 1697462715511, 1697462715592, 1697462715673, 1697462715754, 1697462716536, 1697462716620, 1697462716705, 1697462716793, 1697462716883, 1697462716967, 1697462717171, 1697462717255, 1697462717338, 1697462717423, 1697462717520, 1697462717603, 1697462717686, 1697462717782, 1697462717864, 1697462717946, 1697462718027, 1697462718108, 1697462718190, 1697462718770, 1697462718960, 1697462719043, 1697462719125, 1697462719208, 1697462719291, 1697462719387, 1697462719481, 1697462719562, 1697462719645, 1697462719729, 1697462720116, 1697462720198, 1697462720279, 1697462720361, 1697462720813, 1697462720896, 1697462720980, 1697462721066, 1697462721295, 1697462721488, 1697462721585, 1697462721668, 1697462721753, 1697462721834, 1697462721916, 1697462722000, 1697462722087, 1697462722747, 1697462722839, 1697462722941, 1697462723032, 1697462723125, 1697462723215, 1697462723304, 1697462723393, 1697462724148, 1697462724240, 1697462724344, 1697462724435, 1697462724525, 1697462724614, 1697462724704, 1697462724794, 1697462724884, 1697462725579, 1697462725671, 1697462725772, 1697462726427, 1697462726542, 1697462726644, 1697462726739, 1697462726833, 1697462726924, 1697462727016, 1697462727108, 1697462727213, 1697462727436, 1697462727547, 1697462727637, 1697462727740, 1697462728341, 1697462728435, 1697462728528, 1697462728635, 1697462728739, 1697462728828, 1697462729496, 1697462729597, 1697462729694, 1697462729786, 1697462729877, 1697462729967, 1697462730058, 1697462730161, 1697462730251, 1697462730342, 1697462730620, 1697462730713, 1697462730805, 1697462730907, 1697462730996, 1697462731084, 1697462731174, 1697462731262, 1697462731353, 1697462732101, 1697462732191, 1697462732268, 1697462732345, 1697462732431, 1697462732506, 1697462732581, 1697462732661, 1697462732734, 1697462733088, 1697462733168, 1697462733256, 1697462733330, 1697462733406, 1697462733480, 1697462733555, 1697462733630, 1697462733707, 1697462733782, 1697462733865, 1697462733939, 1697462734015, 1697462734090, 1697462734163, 1697462734236, 1697462734309, 1697462734382, 1697462734455, 1697462734528, 1697462734601, 1697462734684, 1697462734760, 1697462734834, 1697462734907, 1697462734981, 1697462735056, 1697462735130, 1697462735204, 1697462735277, 1697462735350, 1697462735422, 1697462735495, 1697462735569, 1697462735642, 1697462735715, 1697462735790, 1697462735863, 1697462735937, 1697462736011, 1697462736085, 1697462736160, 1697462736234, 1697462736307, 1697462736380, 1697462736453, 1697462736527, 1697462736601, 1697462736675, 1697462736749, 1697462736824, 1697462736899, 1697462736972, 1697462737047, 1697462737122, 1697462737196, 1697462737270, 1697462737344, 1697462737418, 1697462737492, 1697462737566, 1697462737640, 1697462737714, 1697462737789, 1697462737865, 1697462737949, 1697462738023, 1697462738098, 1697462738172, 1697462738247, 1697462738322]"
391,336,14,[],200,EleutherAI/gpt-neox-20b,32,1,3236.0,1.0,4,T4,1697462665937,1697462669173.0,120,58.0,7.0,"[16, 2647, 105, 197, 92, 91, 88]","[1697462665953, 1697462668600, 1697462668705, 1697462668902, 1697462668994, 1697462669085, 1697462669173]"
392,477,22,[],200,EleutherAI/gpt-neox-20b,32,1,11326.0,1.0,4,T4,1697462702936,1697462714262.0,120,244.0,50.0,"[19, 2776, 109, 94, 106, 93, 92, 92, 524, 97, 96, 103, 90, 98, 971, 95, 107, 104, 103, 101, 795, 90, 90, 90, 90, 90, 91, 653, 103, 190, 90, 89, 89, 101, 87, 94, 94, 82, 79, 789, 299, 98, 83, 83, 82, 210, 87, 99, 456, 82]","[1697462702955, 1697462705731, 1697462705840, 1697462705934, 1697462706040, 1697462706133, 1697462706225, 1697462706317, 1697462706841, 1697462706938, 1697462707034, 1697462707137, 1697462707227, 1697462707325, 1697462708296, 1697462708391, 1697462708498, 1697462708602, 1697462708705, 1697462708806, 1697462709601, 1697462709691, 1697462709781, 1697462709871, 1697462709961, 1697462710051, 1697462710142, 1697462710795, 1697462710898, 1697462711088, 1697462711178, 1697462711267, 1697462711356, 1697462711457, 1697462711544, 1697462711638, 1697462711732, 1697462711814, 1697462711893, 1697462712682, 1697462712981, 1697462713079, 1697462713162, 1697462713245, 1697462713327, 1697462713537, 1697462713624, 1697462713723, 1697462714179, 1697462714261]"
393,855,14,[],200,EleutherAI/gpt-neox-20b,32,1,5241.0,1.0,4,T4,1697462655154,1697462660395.0,120,83.0,20.0,"[5, 1688, 108, 108, 94, 98, 1149, 98, 98, 98, 114, 107, 94, 94, 769, 114, 110, 95, 94, 106]","[1697462655159, 1697462656847, 1697462656955, 1697462657063, 1697462657157, 1697462657255, 1697462658404, 1697462658502, 1697462658600, 1697462658698, 1697462658812, 1697462658919, 1697462659013, 1697462659107, 1697462659876, 1697462659990, 1697462660100, 1697462660195, 1697462660289, 1697462660395]"
394,143,15,[],200,EleutherAI/gpt-neox-20b,32,1,4671.0,1.0,4,T4,1697462669176,1697462673847.0,120,6.0,12.0,"[6, 3715, 86, 214, 98, 79, 79, 79, 79, 78, 79, 79]","[1697462669182, 1697462672897, 1697462672983, 1697462673197, 1697462673295, 1697462673374, 1697462673453, 1697462673532, 1697462673611, 1697462673689, 1697462673768, 1697462673847]"
395,683,15,[],200,EleutherAI/gpt-neox-20b,32,1,2012.0,1.0,4,T4,1697462660396,1697462662408.0,120,874.0,2.0,"[13, 1999]","[1697462660409, 1697462662408]"
396,624,16,[],200,EleutherAI/gpt-neox-20b,32,1,17111.0,1.0,4,T4,1697462662412,1697462679523.0,120,563.0,119.0,"[5, 1219, 110, 97, 96, 108, 107, 93, 91, 606, 100, 97, 97, 110, 108, 93, 385, 103, 806, 95, 107, 89, 90, 89, 90, 89, 565, 543, 105, 198, 91, 91, 88, 100, 87, 88, 88, 88, 90, 88, 88, 90, 98, 84, 82, 82, 845, 155, 84, 84, 84, 84, 97, 83, 83, 85, 90, 88, 82, 191, 83, 83, 270, 86, 214, 98, 79, 79, 79, 78, 79, 79, 78, 94, 80, 79, 83, 81, 80, 79, 79, 79, 79, 504, 193, 94, 81, 81, 82, 79, 81, 80, 81, 84, 90, 672, 86, 96, 82, 84, 82, 82, 82, 82, 82, 83, 219, 517, 83, 83, 82, 83, 85, 87, 253, 82, 84, 82, 81]","[1697462662417, 1697462663636, 1697462663746, 1697462663843, 1697462663939, 1697462664047, 1697462664154, 1697462664247, 1697462664338, 1697462664944, 1697462665044, 1697462665141, 1697462665238, 1697462665348, 1697462665456, 1697462665549, 1697462665934, 1697462666037, 1697462666843, 1697462666938, 1697462667045, 1697462667134, 1697462667224, 1697462667313, 1697462667403, 1697462667492, 1697462668057, 1697462668600, 1697462668705, 1697462668903, 1697462668994, 1697462669085, 1697462669173, 1697462669273, 1697462669360, 1697462669448, 1697462669536, 1697462669624, 1697462669714, 1697462669802, 1697462669890, 1697462669980, 1697462670078, 1697462670162, 1697462670244, 1697462670326, 1697462671171, 1697462671326, 1697462671410, 1697462671494, 1697462671578, 1697462671662, 1697462671759, 1697462671842, 1697462671925, 1697462672010, 1697462672100, 1697462672188, 1697462672270, 1697462672461, 1697462672544, 1697462672627, 1697462672897, 1697462672983, 1697462673197, 1697462673295, 1697462673374, 1697462673453, 1697462673532, 1697462673610, 1697462673689, 1697462673768, 1697462673846, 1697462673940, 1697462674020, 1697462674099, 1697462674182, 1697462674263, 1697462674343, 1697462674422, 1697462674501, 1697462674580, 1697462674659, 1697462675163, 1697462675356, 1697462675450, 1697462675531, 1697462675612, 1697462675694, 1697462675773, 1697462675854, 1697462675934, 1697462676015, 1697462676099, 1697462676189, 1697462676861, 1697462676947, 1697462677043, 1697462677125, 1697462677209, 1697462677291, 1697462677373, 1697462677455, 1697462677537, 1697462677619, 1697462677702, 1697462677921, 1697462678438, 1697462678521, 1697462678604, 1697462678686, 1697462678769, 1697462678854, 1697462678941, 1697462679194, 1697462679276, 1697462679360, 1697462679442, 1697462679523]"
397,223,16,[],200,EleutherAI/gpt-neox-20b,32,1,5150.0,1.0,4,T4,1697462673199,1697462678349.0,120,16.0,1.0,"[9, 5141]","[1697462673208, 1697462678349]"
398,48,17,[],200,EleutherAI/gpt-neox-20b,32,1,5020.0,1.0,4,T4,1697462678351,1697462683371.0,120,6.0,6.0,"[15, 4641, 90, 89, 89, 96]","[1697462678366, 1697462683007, 1697462683097, 1697462683186, 1697462683275, 1697462683371]"
399,658,11,[],200,EleutherAI/gpt-neox-20b,32,1,486.0,1.0,4,T4,1697462660292,1697462660778.0,120,11.0,1.0,"[9, 477]","[1697462660301, 1697462660778]"
400,480,12,[],200,EleutherAI/gpt-neox-20b,32,1,1525.0,1.0,4,T4,1697462660780,1697462662305.0,120,26.0,1.0,"[11, 1514]","[1697462660791, 1697462662305]"
401,807,18,[],200,EleutherAI/gpt-neox-20b,32,1,6775.0,1.0,4,T4,1697462683374,1697462690149.0,120,90.0,20.0,"[6, 2957, 104, 88, 911, 99, 753, 96, 95, 97, 105, 91, 101, 88, 88, 89, 88, 92, 736, 90]","[1697462683380, 1697462686337, 1697462686441, 1697462686529, 1697462687440, 1697462687539, 1697462688292, 1697462688388, 1697462688483, 1697462688580, 1697462688685, 1697462688776, 1697462688877, 1697462688965, 1697462689053, 1697462689142, 1697462689230, 1697462689322, 1697462690058, 1697462690148]"
402,428,13,[],200,EleutherAI/gpt-neox-20b,32,1,2031.0,1.0,4,T4,1697462662307,1697462664338.0,120,31.0,9.0,"[18, 1204, 107, 110, 97, 96, 108, 107, 93, 91]","[1697462662325, 1697462663529, 1697462663636, 1697462663746, 1697462663843, 1697462663939, 1697462664047, 1697462664154, 1697462664247, 1697462664338]"
403,256,14,[],200,EleutherAI/gpt-neox-20b,32,1,8856.0,1.0,4,T4,1697462664341,1697462673197.0,120,47.0,50.0,"[13, 1580, 103, 806, 95, 107, 89, 90, 89, 90, 89, 565, 543, 105, 197, 92, 91, 88, 100, 87, 88, 88, 88, 90, 88, 88, 90, 98, 84, 82, 82, 845, 155, 84, 84, 84, 84, 97, 83, 83, 85, 90, 87, 83, 191, 83, 83, 270, 86, 214]","[1697462664354, 1697462665934, 1697462666037, 1697462666843, 1697462666938, 1697462667045, 1697462667134, 1697462667224, 1697462667313, 1697462667403, 1697462667492, 1697462668057, 1697462668600, 1697462668705, 1697462668902, 1697462668994, 1697462669085, 1697462669173, 1697462669273, 1697462669360, 1697462669448, 1697462669536, 1697462669624, 1697462669714, 1697462669802, 1697462669890, 1697462669980, 1697462670078, 1697462670162, 1697462670244, 1697462670326, 1697462671171, 1697462671326, 1697462671410, 1697462671494, 1697462671578, 1697462671662, 1697462671759, 1697462671842, 1697462671925, 1697462672010, 1697462672100, 1697462672187, 1697462672270, 1697462672461, 1697462672544, 1697462672627, 1697462672897, 1697462672983, 1697462673197]"
404,474,19,[],200,EleutherAI/gpt-neox-20b,32,1,12585.0,1.0,4,T4,1697462676192,1697462688777.0,120,109.0,33.0,"[13, 6802, 90, 89, 89, 96, 251, 99, 83, 83, 88, 80, 794, 89, 100, 81, 88, 89, 89, 88, 373, 97, 394, 104, 88, 911, 100, 752, 96, 95, 96, 106, 91]","[1697462676205, 1697462683007, 1697462683097, 1697462683186, 1697462683275, 1697462683371, 1697462683622, 1697462683721, 1697462683804, 1697462683887, 1697462683975, 1697462684055, 1697462684849, 1697462684938, 1697462685038, 1697462685119, 1697462685207, 1697462685296, 1697462685385, 1697462685473, 1697462685846, 1697462685943, 1697462686337, 1697462686441, 1697462686529, 1697462687440, 1697462687540, 1697462688292, 1697462688388, 1697462688483, 1697462688579, 1697462688685, 1697462688776]"
405,628,19,[],200,EleutherAI/gpt-neox-20b,32,1,4781.0,1.0,4,T4,1697462690152,1697462694933.0,120,732.0,10.0,"[9, 3604, 93, 107, 92, 90, 503, 104, 89, 90]","[1697462690161, 1697462693765, 1697462693858, 1697462693965, 1697462694057, 1697462694147, 1697462694650, 1697462694754, 1697462694843, 1697462694933]"
406,577,20,[],200,EleutherAI/gpt-neox-20b,32,1,3831.0,1.0,4,T4,1697462694936,1697462698767.0,120,93.0,9.0,"[12, 2811, 106, 92, 92, 102, 413, 96, 107]","[1697462694948, 1697462697759, 1697462697865, 1697462697957, 1697462698049, 1697462698151, 1697462698564, 1697462698660, 1697462698767]"
407,376,21,[],200,EleutherAI/gpt-neox-20b,32,1,5358.0,1.0,4,T4,1697462698770,1697462704128.0,120,87.0,20.0,"[15, 2317, 107, 104, 91, 90, 89, 101, 100, 88, 88, 879, 94, 96, 613, 95, 93, 108, 95, 94]","[1697462698785, 1697462701102, 1697462701209, 1697462701313, 1697462701404, 1697462701494, 1697462701583, 1697462701684, 1697462701784, 1697462701872, 1697462701960, 1697462702839, 1697462702933, 1697462703029, 1697462703642, 1697462703737, 1697462703830, 1697462703938, 1697462704033, 1697462704127]"
408,408,16,[],200,EleutherAI/gpt-neox-20b,32,1,1864.0,1.0,4,T4,1697462685477,1697462687341.0,120,16.0,1.0,"[16, 1848]","[1697462685493, 1697462687341]"
409,239,17,[],200,EleutherAI/gpt-neox-20b,32,1,7306.0,1.0,4,T4,1697462687344,1697462694650.0,120,39.0,27.0,"[6, 2708, 90, 94, 496, 102, 95, 699, 106, 92, 93, 93, 91, 92, 92, 235, 96, 102, 88, 98, 87, 766, 93, 107, 91, 91, 503]","[1697462687350, 1697462690058, 1697462690148, 1697462690242, 1697462690738, 1697462690840, 1697462690935, 1697462691634, 1697462691740, 1697462691832, 1697462691925, 1697462692018, 1697462692109, 1697462692201, 1697462692293, 1697462692528, 1697462692624, 1697462692726, 1697462692814, 1697462692912, 1697462692999, 1697462693765, 1697462693858, 1697462693965, 1697462694056, 1697462694147, 1697462694650]"
410,17,13,[],200,EleutherAI/gpt-neox-20b,32,1,1013.0,1.0,4,T4,1697462662516,1697462663529.0,120,23.0,1.0,"[14, 999]","[1697462662530, 1697462663529]"
411,771,14,[],200,EleutherAI/gpt-neox-20b,32,1,5068.0,1.0,4,T4,1697462663532,1697462668600.0,120,47.0,20.0,"[17, 1396, 99, 97, 97, 110, 108, 93, 385, 103, 806, 95, 107, 89, 90, 89, 90, 89, 565, 543]","[1697462663549, 1697462664945, 1697462665044, 1697462665141, 1697462665238, 1697462665348, 1697462665456, 1697462665549, 1697462665934, 1697462666037, 1697462666843, 1697462666938, 1697462667045, 1697462667134, 1697462667224, 1697462667313, 1697462667403, 1697462667492, 1697462668057, 1697462668600]"
412,71,12,[],200,EleutherAI/gpt-neox-20b,32,1,4658.0,1.0,4,T4,1697462663942,1697462668600.0,120,364.0,11.0,"[6, 2895, 95, 107, 89, 90, 89, 90, 89, 565, 543]","[1697462663948, 1697462666843, 1697462666938, 1697462667045, 1697462667134, 1697462667224, 1697462667313, 1697462667403, 1697462667492, 1697462668057, 1697462668600]"
413,232,13,[],200,EleutherAI/gpt-neox-20b,32,1,3997.0,1.0,4,T4,1697462690151,1697462694148.0,120,93.0,20.0,"[6, 1477, 106, 92, 92, 94, 91, 92, 92, 236, 95, 102, 87, 99, 87, 766, 93, 107, 92, 91]","[1697462690157, 1697462691634, 1697462691740, 1697462691832, 1697462691924, 1697462692018, 1697462692109, 1697462692201, 1697462692293, 1697462692529, 1697462692624, 1697462692726, 1697462692813, 1697462692912, 1697462692999, 1697462693765, 1697462693858, 1697462693965, 1697462694057, 1697462694148]"
414,911,5,[],200,EleutherAI/gpt-neox-20b,32,1,5004.0,1.0,4,T4,1697462653808,1697462658812.0,120,335.0,11.0,"[14, 3025, 108, 108, 94, 98, 1149, 99, 97, 98, 114]","[1697462653822, 1697462656847, 1697462656955, 1697462657063, 1697462657157, 1697462657255, 1697462658404, 1697462658503, 1697462658600, 1697462658698, 1697462658812]"
415,173,14,[],200,EleutherAI/gpt-neox-20b,32,1,7060.0,1.0,4,T4,1697462694150,1697462701210.0,120,96.0,20.0,"[19, 3590, 106, 92, 92, 102, 413, 96, 107, 309, 104, 614, 96, 108, 110, 99, 94, 107, 694, 108]","[1697462694169, 1697462697759, 1697462697865, 1697462697957, 1697462698049, 1697462698151, 1697462698564, 1697462698660, 1697462698767, 1697462699076, 1697462699180, 1697462699794, 1697462699890, 1697462699998, 1697462700108, 1697462700207, 1697462700301, 1697462700408, 1697462701102, 1697462701210]"
416,23,13,[],200,EleutherAI/gpt-neox-20b,32,1,2650.0,1.0,4,T4,1697462668604,1697462671254.0,120,26.0,1.0,"[19, 2631]","[1697462668623, 1697462671254]"
417,743,6,[],200,EleutherAI/gpt-neox-20b,32,1,1475.0,1.0,4,T4,1697462658815,1697462660290.0,120,123.0,6.0,"[6, 1056, 113, 110, 96, 93]","[1697462658821, 1697462659877, 1697462659990, 1697462660100, 1697462660196, 1697462660289]"
418,175,18,[],200,EleutherAI/gpt-neox-20b,32,1,4007.0,1.0,4,T4,1697462694653,1697462698660.0,120,140.0,8.0,"[12, 3094, 106, 92, 92, 102, 413, 96]","[1697462694665, 1697462697759, 1697462697865, 1697462697957, 1697462698049, 1697462698151, 1697462698564, 1697462698660]"
419,909,15,[],200,EleutherAI/gpt-neox-20b,32,1,5821.0,1.0,4,T4,1697462701213,1697462707034.0,120,86.0,20.0,"[6, 2423, 95, 93, 108, 95, 94, 503, 109, 92, 900, 109, 95, 105, 93, 92, 92, 525, 96, 96]","[1697462701219, 1697462703642, 1697462703737, 1697462703830, 1697462703938, 1697462704033, 1697462704127, 1697462704630, 1697462704739, 1697462704831, 1697462705731, 1697462705840, 1697462705935, 1697462706040, 1697462706133, 1697462706225, 1697462706317, 1697462706842, 1697462706938, 1697462707034]"
420,8,19,[],200,EleutherAI/gpt-neox-20b,32,1,1229.0,1.0,4,T4,1697462698662,1697462699891.0,120,39.0,3.0,"[15, 1117, 96]","[1697462698677, 1697462699794, 1697462699890]"
421,572,7,[],200,EleutherAI/gpt-neox-20b,32,1,485.0,1.0,4,T4,1697462660293,1697462660778.0,120,16.0,1.0,"[6, 479]","[1697462660299, 1697462660778]"
422,219,16,[],200,EleutherAI/gpt-neox-20b,32,1,8263.0,1.0,4,T4,1697462675359,1697462683622.0,120,90.0,20.0,"[6, 5175, 89, 89, 90, 96, 95, 81, 453, 480, 81, 82, 81, 82, 668, 90, 89, 89, 96, 251]","[1697462675365, 1697462680540, 1697462680629, 1697462680718, 1697462680808, 1697462680904, 1697462680999, 1697462681080, 1697462681533, 1697462682013, 1697462682094, 1697462682176, 1697462682257, 1697462682339, 1697462683007, 1697462683097, 1697462683186, 1697462683275, 1697462683371, 1697462683622]"
423,404,8,[],200,EleutherAI/gpt-neox-20b,32,1,5153.0,1.0,4,T4,1697462660781,1697462665934.0,120,87.0,20.0,"[17, 1610, 104, 100, 1024, 110, 97, 96, 108, 107, 93, 91, 607, 99, 97, 97, 110, 108, 93, 385]","[1697462660798, 1697462662408, 1697462662512, 1697462662612, 1697462663636, 1697462663746, 1697462663843, 1697462663939, 1697462664047, 1697462664154, 1697462664247, 1697462664338, 1697462664945, 1697462665044, 1697462665141, 1697462665238, 1697462665348, 1697462665456, 1697462665549, 1697462665934]"
424,737,20,[],200,EleutherAI/gpt-neox-20b,32,1,1209.0,1.0,4,T4,1697462699893,1697462701102.0,120,216.0,2.0,"[16, 1090, 103]","[1697462699909, 1697462700999, 1697462701102]"
425,684,21,[],200,EleutherAI/gpt-neox-20b,32,1,5930.0,1.0,4,T4,1697462701104,1697462707034.0,120,100.0,20.0,"[14, 2524, 95, 94, 107, 95, 94, 503, 109, 91, 901, 109, 95, 105, 93, 92, 92, 525, 96, 96]","[1697462701118, 1697462703642, 1697462703737, 1697462703831, 1697462703938, 1697462704033, 1697462704127, 1697462704630, 1697462704739, 1697462704830, 1697462705731, 1697462705840, 1697462705935, 1697462706040, 1697462706133, 1697462706225, 1697462706317, 1697462706842, 1697462706938, 1697462707034]"
426,209,22,[],200,EleutherAI/gpt-neox-20b,32,1,1499.0,1.0,4,T4,1697462704131,1697462705630.0,120,20.0,1.0,"[19, 1480]","[1697462704150, 1697462705630]"
427,145,23,[],200,EleutherAI/gpt-neox-20b,32,1,2759.0,1.0,4,T4,1697462705632,1697462708391.0,120,161.0,9.0,"[14, 1196, 96, 96, 103, 90, 98, 971, 95]","[1697462705646, 1697462706842, 1697462706938, 1697462707034, 1697462707137, 1697462707227, 1697462707325, 1697462708296, 1697462708391]"
428,506,22,[],200,EleutherAI/gpt-neox-20b,32,1,1156.0,1.0,4,T4,1697462707038,1697462708194.0,120,16.0,1.0,"[20, 1135]","[1697462707058, 1697462708193]"
429,219,6,[],200,EleutherAI/gpt-neox-20b,32,1,5816.0,1.0,4,T4,1697462638688,1697462644504.0,120,90.0,20.0,"[17, 2332, 108, 95, 89, 92, 99, 90, 90, 915, 108, 92, 92, 92, 92, 308, 92, 104, 815, 94]","[1697462638705, 1697462641037, 1697462641145, 1697462641240, 1697462641329, 1697462641421, 1697462641520, 1697462641610, 1697462641700, 1697462642615, 1697462642723, 1697462642815, 1697462642907, 1697462642999, 1697462643091, 1697462643399, 1697462643491, 1697462643595, 1697462644410, 1697462644504]"
430,120,14,[],200,EleutherAI/gpt-neox-20b,32,1,1482.0,1.0,4,T4,1697462664341,1697462665823.0,120,17.0,1.0,"[6, 1476]","[1697462664347, 1697462665823]"
431,305,15,[],200,EleutherAI/gpt-neox-20b,32,1,6090.0,1.0,4,T4,1697462684059,1697462690149.0,120,86.0,20.0,"[5, 2273, 104, 88, 911, 99, 753, 96, 95, 97, 105, 91, 101, 88, 88, 89, 88, 92, 735, 91]","[1697462684064, 1697462686337, 1697462686441, 1697462686529, 1697462687440, 1697462687539, 1697462688292, 1697462688388, 1697462688483, 1697462688580, 1697462688685, 1697462688776, 1697462688877, 1697462688965, 1697462689053, 1697462689142, 1697462689230, 1697462689322, 1697462690057, 1697462690148]"
432,60,15,[],200,EleutherAI/gpt-neox-20b,32,1,6800.0,1.0,4,T4,1697462665827,1697462672627.0,120,93.0,36.0,"[15, 2757, 106, 198, 91, 91, 88, 100, 87, 88, 88, 88, 90, 88, 88, 90, 98, 84, 82, 82, 845, 155, 84, 84, 84, 84, 97, 83, 83, 85, 90, 87, 83, 191, 83, 83]","[1697462665842, 1697462668599, 1697462668705, 1697462668903, 1697462668994, 1697462669085, 1697462669173, 1697462669273, 1697462669360, 1697462669448, 1697462669536, 1697462669624, 1697462669714, 1697462669802, 1697462669890, 1697462669980, 1697462670078, 1697462670162, 1697462670244, 1697462670326, 1697462671171, 1697462671326, 1697462671410, 1697462671494, 1697462671578, 1697462671662, 1697462671759, 1697462671842, 1697462671925, 1697462672010, 1697462672100, 1697462672187, 1697462672270, 1697462672461, 1697462672544, 1697462672627]"
433,338,23,[],200,EleutherAI/gpt-neox-20b,32,1,5526.0,1.0,4,T4,1697462708198,1697462713724.0,120,84.0,20.0,"[17, 2873, 90, 89, 89, 100, 88, 94, 94, 82, 79, 789, 299, 98, 83, 83, 82, 210, 87, 99]","[1697462708215, 1697462711088, 1697462711178, 1697462711267, 1697462711356, 1697462711456, 1697462711544, 1697462711638, 1697462711732, 1697462711814, 1697462711893, 1697462712682, 1697462712981, 1697462713079, 1697462713162, 1697462713245, 1697462713327, 1697462713537, 1697462713624, 1697462713723]"
434,52,7,[],200,EleutherAI/gpt-neox-20b,32,1,1880.0,1.0,4,T4,1697462644507,1697462646387.0,120,58.0,6.0,"[10, 1485, 96, 95, 104, 90]","[1697462644517, 1697462646002, 1697462646098, 1697462646193, 1697462646297, 1697462646387]"
435,810,8,[],200,EleutherAI/gpt-neox-20b,32,1,6170.0,1.0,4,T4,1697462646389,1697462652559.0,120,91.0,20.0,"[15, 2161, 102, 98, 86, 1117, 96, 96, 109, 107, 103, 464, 96, 100, 97, 917, 100, 110, 98, 98]","[1697462646404, 1697462648565, 1697462648667, 1697462648765, 1697462648851, 1697462649968, 1697462650064, 1697462650160, 1697462650269, 1697462650376, 1697462650479, 1697462650943, 1697462651039, 1697462651139, 1697462651236, 1697462652153, 1697462652253, 1697462652363, 1697462652461, 1697462652559]"
436,757,9,[],200,EleutherAI/gpt-neox-20b,32,1,930.0,1.0,4,T4,1697462652562,1697462653492.0,120,20.0,1.0,"[19, 910]","[1697462652581, 1697462653491]"
437,579,10,[],200,EleutherAI/gpt-neox-20b,32,1,1657.0,1.0,4,T4,1697462653496,1697462655153.0,120,19.0,1.0,"[15, 1642]","[1697462653511, 1697462655153]"
438,411,11,[],200,EleutherAI/gpt-neox-20b,32,1,13442.0,1.0,4,T4,1697462655158,1697462668600.0,120,85.0,55.0,"[9, 1680, 108, 108, 94, 98, 1149, 98, 98, 98, 114, 107, 94, 94, 769, 114, 110, 96, 93, 106, 476, 90, 100, 88, 87, 1172, 104, 100, 1024, 110, 97, 96, 108, 107, 93, 91, 606, 100, 97, 97, 110, 108, 93, 384, 104, 805, 96, 107, 89, 90, 89, 90, 89, 565, 543]","[1697462655167, 1697462656847, 1697462656955, 1697462657063, 1697462657157, 1697462657255, 1697462658404, 1697462658502, 1697462658600, 1697462658698, 1697462658812, 1697462658919, 1697462659013, 1697462659107, 1697462659876, 1697462659990, 1697462660100, 1697462660196, 1697462660289, 1697462660395, 1697462660871, 1697462660961, 1697462661061, 1697462661149, 1697462661236, 1697462662408, 1697462662512, 1697462662612, 1697462663636, 1697462663746, 1697462663843, 1697462663939, 1697462664047, 1697462664154, 1697462664247, 1697462664338, 1697462664944, 1697462665044, 1697462665141, 1697462665238, 1697462665348, 1697462665456, 1697462665549, 1697462665933, 1697462666037, 1697462666842, 1697462666938, 1697462667045, 1697462667134, 1697462667224, 1697462667313, 1697462667403, 1697462667492, 1697462668057, 1697462668600]"
439,6,5,[],200,EleutherAI/gpt-neox-20b,32,1,7965.0,1.0,4,T4,1697462651142,1697462659107.0,120,100.0,29.0,"[12, 999, 100, 110, 98, 97, 102, 930, 109, 106, 99, 87, 1262, 105, 104, 91, 1294, 108, 108, 94, 98, 1149, 98, 98, 98, 114, 107, 94, 94]","[1697462651154, 1697462652153, 1697462652253, 1697462652363, 1697462652461, 1697462652558, 1697462652660, 1697462653590, 1697462653699, 1697462653805, 1697462653904, 1697462653991, 1697462655253, 1697462655358, 1697462655462, 1697462655553, 1697462656847, 1697462656955, 1697462657063, 1697462657157, 1697462657255, 1697462658404, 1697462658502, 1697462658600, 1697462658698, 1697462658812, 1697462658919, 1697462659013, 1697462659107]"
440,242,16,[],200,EleutherAI/gpt-neox-20b,32,1,2619.0,1.0,4,T4,1697462659993,1697462662612.0,120,345.0,9.0,"[7, 871, 90, 100, 88, 87, 1172, 104, 100]","[1697462660000, 1697462660871, 1697462660961, 1697462661061, 1697462661149, 1697462661236, 1697462662408, 1697462662512, 1697462662612]"
441,75,17,[],200,EleutherAI/gpt-neox-20b,32,1,4878.0,1.0,4,T4,1697462662615,1697462667493.0,120,345.0,18.0,"[15, 2315, 99, 97, 97, 110, 108, 93, 385, 103, 806, 95, 107, 89, 90, 89, 90, 90]","[1697462662630, 1697462664945, 1697462665044, 1697462665141, 1697462665238, 1697462665348, 1697462665456, 1697462665549, 1697462665934, 1697462666037, 1697462666843, 1697462666938, 1697462667045, 1697462667134, 1697462667224, 1697462667313, 1697462667403, 1697462667493]"
442,13,18,[],200,EleutherAI/gpt-neox-20b,32,1,5701.0,1.0,4,T4,1697462667496,1697462673197.0,120,90.0,20.0,"[15, 3661, 154, 84, 84, 84, 84, 97, 83, 83, 85, 90, 87, 83, 191, 83, 83, 270, 86, 214]","[1697462667511, 1697462671172, 1697462671326, 1697462671410, 1697462671494, 1697462671578, 1697462671662, 1697462671759, 1697462671842, 1697462671925, 1697462672010, 1697462672100, 1697462672187, 1697462672270, 1697462672461, 1697462672544, 1697462672627, 1697462672897, 1697462672983, 1697462673197]"
443,262,8,[],200,EleutherAI/gpt-neox-20b,32,1,1071.0,1.0,4,T4,1697462658700,1697462659771.0,120,39.0,1.0,"[6, 1065]","[1697462658706, 1697462659771]"
444,42,17,[],200,EleutherAI/gpt-neox-20b,32,1,2128.0,1.0,4,T4,1697462683623,1697462685751.0,120,10.0,1.0,"[14, 2114]","[1697462683637, 1697462685751]"
445,343,9,[],200,EleutherAI/gpt-neox-20b,32,1,4392.0,1.0,4,T4,1697462665935,1697462670327.0,120,84.0,20.0,"[14, 2651, 105, 197, 92, 91, 88, 100, 87, 88, 88, 88, 90, 88, 88, 90, 98, 84, 82, 82]","[1697462665949, 1697462668600, 1697462668705, 1697462668902, 1697462668994, 1697462669085, 1697462669173, 1697462669273, 1697462669360, 1697462669448, 1697462669536, 1697462669624, 1697462669714, 1697462669802, 1697462669890, 1697462669980, 1697462670078, 1697462670162, 1697462670244, 1697462670326]"
446,807,18,[],200,EleutherAI/gpt-neox-20b,32,1,5883.0,1.0,4,T4,1697462685752,1697462691635.0,120,90.0,20.0,"[8, 2532, 96, 95, 97, 105, 91, 101, 88, 88, 89, 88, 92, 736, 90, 94, 496, 102, 95, 699]","[1697462685760, 1697462688292, 1697462688388, 1697462688483, 1697462688580, 1697462688685, 1697462688776, 1697462688877, 1697462688965, 1697462689053, 1697462689142, 1697462689230, 1697462689322, 1697462690058, 1697462690148, 1697462690242, 1697462690738, 1697462690840, 1697462690935, 1697462691634]"
447,172,10,[],200,EleutherAI/gpt-neox-20b,32,1,4738.0,1.0,4,T4,1697462670331,1697462675069.0,120,19.0,1.0,"[13, 4725]","[1697462670344, 1697462675069]"
448,98,9,[],200,EleutherAI/gpt-neox-20b,32,1,1004.0,1.0,4,T4,1697462659774,1697462660778.0,120,14.0,1.0,"[15, 989]","[1697462659789, 1697462660778]"
449,852,10,[],200,EleutherAI/gpt-neox-20b,32,1,5153.0,1.0,4,T4,1697462660781,1697462665934.0,120,100.0,20.0,"[15, 1612, 104, 100, 1024, 110, 97, 96, 108, 107, 92, 91, 608, 99, 97, 97, 110, 108, 94, 384]","[1697462660796, 1697462662408, 1697462662512, 1697462662612, 1697462663636, 1697462663746, 1697462663843, 1697462663939, 1697462664047, 1697462664154, 1697462664246, 1697462664337, 1697462664945, 1697462665044, 1697462665141, 1697462665238, 1697462665348, 1697462665456, 1697462665550, 1697462665934]"
450,748,19,[],200,EleutherAI/gpt-neox-20b,32,1,5057.0,1.0,4,T4,1697462691637,1697462696694.0,120,182.0,14.0,"[15, 2998, 104, 89, 89, 94, 798, 105, 91, 104, 91, 271, 106, 101]","[1697462691652, 1697462694650, 1697462694754, 1697462694843, 1697462694932, 1697462695026, 1697462695824, 1697462695929, 1697462696020, 1697462696124, 1697462696215, 1697462696486, 1697462696592, 1697462696693]"
451,603,15,[],200,EleutherAI/gpt-neox-20b,32,1,2481.0,1.0,4,T4,1697462668602,1697462671083.0,120,9.0,1.0,"[14, 2466]","[1697462668616, 1697462671082]"
452,778,14,[],200,EleutherAI/gpt-neox-20b,32,1,11081.0,1.0,4,T4,1697462671258,1697462682339.0,120,16.0,50.0,"[6, 4092, 95, 80, 81, 82, 79, 81, 80, 81, 84, 90, 672, 86, 96, 82, 84, 82, 82, 82, 82, 82, 83, 219, 517, 83, 83, 82, 83, 85, 87, 253, 82, 84, 82, 80, 720, 298, 89, 89, 89, 97, 95, 81, 453, 480, 81, 82, 81, 82]","[1697462671264, 1697462675356, 1697462675451, 1697462675531, 1697462675612, 1697462675694, 1697462675773, 1697462675854, 1697462675934, 1697462676015, 1697462676099, 1697462676189, 1697462676861, 1697462676947, 1697462677043, 1697462677125, 1697462677209, 1697462677291, 1697462677373, 1697462677455, 1697462677537, 1697462677619, 1697462677702, 1697462677921, 1697462678438, 1697462678521, 1697462678604, 1697462678686, 1697462678769, 1697462678854, 1697462678941, 1697462679194, 1697462679276, 1697462679360, 1697462679442, 1697462679522, 1697462680242, 1697462680540, 1697462680629, 1697462680718, 1697462680807, 1697462680904, 1697462680999, 1697462681080, 1697462681533, 1697462682013, 1697462682094, 1697462682176, 1697462682257, 1697462682339]"
453,897,16,[],200,EleutherAI/gpt-neox-20b,32,1,6297.0,1.0,4,T4,1697462673851,1697462680148.0,120,9.0,1.0,"[14, 6283]","[1697462673865, 1697462680148]"
454,419,23,[],200,EleutherAI/gpt-neox-20b,32,1,7030.0,1.0,4,T4,1697462714265,1697462721295.0,120,88.0,20.0,"[12, 4683, 83, 82, 83, 83, 96, 94, 81, 83, 84, 387, 82, 81, 82, 452, 83, 84, 86, 229]","[1697462714277, 1697462718960, 1697462719043, 1697462719125, 1697462719208, 1697462719291, 1697462719387, 1697462719481, 1697462719562, 1697462719645, 1697462719729, 1697462720116, 1697462720198, 1697462720279, 1697462720361, 1697462720813, 1697462720896, 1697462720980, 1697462721066, 1697462721295]"
455,842,17,[],200,EleutherAI/gpt-neox-20b,32,1,5695.0,1.0,4,T4,1697462680151,1697462685846.0,120,161.0,16.0,"[6, 3465, 99, 83, 83, 88, 80, 794, 89, 99, 82, 88, 89, 89, 88, 373]","[1697462680157, 1697462683622, 1697462683721, 1697462683804, 1697462683887, 1697462683975, 1697462684055, 1697462684849, 1697462684938, 1697462685037, 1697462685119, 1697462685207, 1697462685296, 1697462685385, 1697462685473, 1697462685846]"
456,670,18,[],200,EleutherAI/gpt-neox-20b,32,1,4990.0,1.0,4,T4,1697462685850,1697462690840.0,120,67.0,18.0,"[14, 2428, 96, 95, 97, 105, 91, 101, 88, 88, 89, 90, 90, 736, 90, 94, 497, 101]","[1697462685864, 1697462688292, 1697462688388, 1697462688483, 1697462688580, 1697462688685, 1697462688776, 1697462688877, 1697462688965, 1697462689053, 1697462689142, 1697462689232, 1697462689322, 1697462690058, 1697462690148, 1697462690242, 1697462690739, 1697462690840]"
457,389,9,[],200,EleutherAI/gpt-neox-20b,32,1,4140.0,1.0,4,T4,1697462666942,1697462671082.0,120,8.0,1.0,"[16, 4124]","[1697462666958, 1697462671082]"
458,312,10,[],200,EleutherAI/gpt-neox-20b,32,1,3985.0,1.0,4,T4,1697462671084,1697462675069.0,120,23.0,1.0,"[11, 3974]","[1697462671095, 1697462675069]"
459,137,11,[],200,EleutherAI/gpt-neox-20b,32,1,8299.0,1.0,4,T4,1697462675072,1697462683371.0,120,86.0,20.0,"[9, 5161, 298, 89, 89, 90, 96, 95, 81, 453, 480, 81, 82, 81, 82, 668, 90, 89, 89, 96]","[1697462675081, 1697462680242, 1697462680540, 1697462680629, 1697462680718, 1697462680808, 1697462680904, 1697462680999, 1697462681080, 1697462681533, 1697462682013, 1697462682094, 1697462682176, 1697462682257, 1697462682339, 1697462683007, 1697462683097, 1697462683186, 1697462683275, 1697462683371]"
460,56,15,[],200,EleutherAI/gpt-neox-20b,32,1,5068.0,1.0,4,T4,1697462663532,1697462668600.0,120,86.0,20.0,"[7, 1406, 99, 97, 97, 110, 108, 93, 385, 103, 806, 95, 107, 89, 90, 89, 90, 89, 565, 543]","[1697462663539, 1697462664945, 1697462665044, 1697462665141, 1697462665238, 1697462665348, 1697462665456, 1697462665549, 1697462665934, 1697462666037, 1697462666843, 1697462666938, 1697462667045, 1697462667134, 1697462667224, 1697462667313, 1697462667403, 1697462667492, 1697462668057, 1697462668600]"
461,499,19,[],200,EleutherAI/gpt-neox-20b,32,1,7206.0,1.0,4,T4,1697462690843,1697462698049.0,120,88.0,20.0,"[6, 3801, 104, 89, 89, 93, 799, 105, 91, 103, 92, 271, 105, 102, 94, 79, 894, 105, 92, 92]","[1697462690849, 1697462694650, 1697462694754, 1697462694843, 1697462694932, 1697462695025, 1697462695824, 1697462695929, 1697462696020, 1697462696123, 1697462696215, 1697462696486, 1697462696591, 1697462696693, 1697462696787, 1697462696866, 1697462697760, 1697462697865, 1697462697957, 1697462698049]"
462,855,14,[],200,EleutherAI/gpt-neox-20b,32,1,4077.0,1.0,4,T4,1697462657160,1697462661237.0,120,83.0,20.0,"[9, 1235, 99, 97, 98, 114, 107, 94, 94, 769, 114, 110, 95, 94, 105, 477, 90, 100, 88, 87]","[1697462657169, 1697462658404, 1697462658503, 1697462658600, 1697462658698, 1697462658812, 1697462658919, 1697462659013, 1697462659107, 1697462659876, 1697462659990, 1697462660100, 1697462660195, 1697462660289, 1697462660394, 1697462660871, 1697462660961, 1697462661061, 1697462661149, 1697462661236]"
463,774,19,[],200,EleutherAI/gpt-neox-20b,32,1,5148.0,1.0,4,T4,1697462673201,1697462678349.0,120,8.0,1.0,"[13, 5135]","[1697462673214, 1697462678349]"
464,130,16,[],200,EleutherAI/gpt-neox-20b,32,1,1383.0,1.0,4,T4,1697462690152,1697462691535.0,120,14.0,1.0,"[9, 1373]","[1697462690161, 1697462691534]"
465,597,20,[],200,EleutherAI/gpt-neox-20b,32,1,4558.0,1.0,4,T4,1697462678352,1697462682910.0,120,39.0,1.0,"[14, 4544]","[1697462678366, 1697462682910]"
466,520,21,[],200,EleutherAI/gpt-neox-20b,32,1,1838.0,1.0,4,T4,1697462682915,1697462684753.0,120,11.0,1.0,"[10, 1828]","[1697462682925, 1697462684753]"
467,345,22,[],200,EleutherAI/gpt-neox-20b,32,1,6879.0,1.0,4,T4,1697462684756,1697462691635.0,120,39.0,20.0,"[21, 3515, 96, 95, 97, 105, 91, 101, 88, 88, 89, 90, 90, 736, 90, 94, 497, 101, 94, 700]","[1697462684777, 1697462688292, 1697462688388, 1697462688483, 1697462688580, 1697462688685, 1697462688776, 1697462688877, 1697462688965, 1697462689053, 1697462689142, 1697462689232, 1697462689322, 1697462690058, 1697462690148, 1697462690242, 1697462690739, 1697462690840, 1697462690934, 1697462691634]"
468,793,11,[],200,EleutherAI/gpt-neox-20b,32,1,6334.0,1.0,4,T4,1697462665937,1697462672271.0,120,92.0,31.0,"[20, 2946, 91, 91, 88, 100, 87, 88, 88, 89, 89, 88, 88, 90, 98, 84, 82, 82, 845, 155, 84, 84, 84, 84, 97, 83, 83, 85, 90, 87, 83]","[1697462665957, 1697462668903, 1697462668994, 1697462669085, 1697462669173, 1697462669273, 1697462669360, 1697462669448, 1697462669536, 1697462669625, 1697462669714, 1697462669802, 1697462669890, 1697462669980, 1697462670078, 1697462670162, 1697462670244, 1697462670326, 1697462671171, 1697462671326, 1697462671410, 1697462671494, 1697462671578, 1697462671662, 1697462671759, 1697462671842, 1697462671925, 1697462672010, 1697462672100, 1697462672187, 1697462672270]"
469,6,5,[],200,EleutherAI/gpt-neox-20b,32,1,9722.0,1.0,4,T4,1697462640654,1697462650376.0,120,100.0,29.0,"[15, 3741, 94, 107, 102, 89, 89, 89, 1022, 96, 95, 104, 90, 102, 671, 94, 92, 94, 93, 104, 928, 102, 98, 86, 1117, 96, 96, 109, 107]","[1697462640669, 1697462644410, 1697462644504, 1697462644611, 1697462644713, 1697462644802, 1697462644891, 1697462644980, 1697462646002, 1697462646098, 1697462646193, 1697462646297, 1697462646387, 1697462646489, 1697462647160, 1697462647254, 1697462647346, 1697462647440, 1697462647533, 1697462647637, 1697462648565, 1697462648667, 1697462648765, 1697462648851, 1697462649968, 1697462650064, 1697462650160, 1697462650269, 1697462650376]"
470,905,24,[],200,EleutherAI/gpt-neox-20b,32,1,4193.0,1.0,4,T4,1697462708395,1697462712588.0,120,11.0,1.0,"[13, 4180]","[1697462708408, 1697462712588]"
471,625,12,[],200,EleutherAI/gpt-neox-20b,32,1,7969.0,1.0,4,T4,1697462672273,1697462680242.0,120,364.0,2.0,"[16, 7953]","[1697462672289, 1697462680242]"
472,730,25,[],200,EleutherAI/gpt-neox-20b,32,1,7139.0,1.0,4,T4,1697462712591,1697462719730.0,120,364.0,12.0,"[15, 6164, 190, 83, 82, 83, 83, 96, 94, 81, 83, 84]","[1697462712606, 1697462718770, 1697462718960, 1697462719043, 1697462719125, 1697462719208, 1697462719291, 1697462719387, 1697462719481, 1697462719562, 1697462719645, 1697462719729]"
473,448,13,[],200,EleutherAI/gpt-neox-20b,32,1,6092.0,1.0,4,T4,1697462680245,1697462686337.0,120,335.0,12.0,"[13, 4591, 89, 100, 81, 88, 89, 89, 88, 373, 97, 394]","[1697462680258, 1697462684849, 1697462684938, 1697462685038, 1697462685119, 1697462685207, 1697462685296, 1697462685385, 1697462685473, 1697462685846, 1697462685943, 1697462686337]"
474,926,11,[],200,EleutherAI/gpt-neox-20b,32,1,11458.0,1.0,4,T4,1697462675072,1697462686530.0,120,563.0,30.0,"[17, 6923, 82, 82, 81, 82, 668, 90, 89, 89, 96, 251, 99, 83, 83, 88, 80, 794, 89, 99, 82, 88, 89, 89, 88, 373, 97, 394, 104, 88]","[1697462675089, 1697462682012, 1697462682094, 1697462682176, 1697462682257, 1697462682339, 1697462683007, 1697462683097, 1697462683186, 1697462683275, 1697462683371, 1697462683622, 1697462683721, 1697462683804, 1697462683887, 1697462683975, 1697462684055, 1697462684849, 1697462684938, 1697462685037, 1697462685119, 1697462685207, 1697462685296, 1697462685385, 1697462685473, 1697462685846, 1697462685943, 1697462686337, 1697462686441, 1697462686529]"
475,894,12,[],200,EleutherAI/gpt-neox-20b,32,1,2377.0,1.0,4,T4,1697462683374,1697462685751.0,120,14.0,1.0,"[6, 2371]","[1697462683380, 1697462685751]"
476,836,13,[],200,EleutherAI/gpt-neox-20b,32,1,1588.0,1.0,4,T4,1697462685753,1697462687341.0,120,11.0,1.0,"[5, 1583]","[1697462685758, 1697462687341]"
477,562,26,[],200,EleutherAI/gpt-neox-20b,32,1,10326.0,1.0,4,T4,1697462719733,1697462730059.0,120,67.0,39.0,"[16, 4399, 92, 104, 90, 91, 89, 90, 90, 90, 695, 92, 101, 655, 116, 101, 95, 94, 92, 91, 92, 105, 223, 111, 89, 104, 601, 94, 93, 107, 104, 89, 668, 101, 98, 91, 91, 90, 91]","[1697462719749, 1697462724148, 1697462724240, 1697462724344, 1697462724434, 1697462724525, 1697462724614, 1697462724704, 1697462724794, 1697462724884, 1697462725579, 1697462725671, 1697462725772, 1697462726427, 1697462726543, 1697462726644, 1697462726739, 1697462726833, 1697462726925, 1697462727016, 1697462727108, 1697462727213, 1697462727436, 1697462727547, 1697462727636, 1697462727740, 1697462728341, 1697462728435, 1697462728528, 1697462728635, 1697462728739, 1697462728828, 1697462729496, 1697462729597, 1697462729695, 1697462729786, 1697462729877, 1697462729967, 1697462730058]"
478,254,24,[],200,EleutherAI/gpt-neox-20b,32,1,4188.0,1.0,4,T4,1697462721296,1697462725484.0,120,58.0,1.0,"[14, 4174]","[1697462721310, 1697462725484]"
479,89,15,[],200,EleutherAI/gpt-neox-20b,32,1,9139.0,1.0,4,T4,1697462673200,1697462682339.0,120,52.0,20.0,"[6, 5988, 82, 84, 82, 81, 719, 298, 89, 89, 89, 97, 95, 81, 453, 480, 81, 82, 81, 82]","[1697462673206, 1697462679194, 1697462679276, 1697462679360, 1697462679442, 1697462679523, 1697462680242, 1697462680540, 1697462680629, 1697462680718, 1697462680807, 1697462680904, 1697462680999, 1697462681080, 1697462681533, 1697462682013, 1697462682094, 1697462682176, 1697462682257, 1697462682339]"
480,284,14,[],200,EleutherAI/gpt-neox-20b,32,1,6476.0,1.0,4,T4,1697462686338,1697462692814.0,120,90.0,31.0,"[16, 1938, 96, 95, 96, 106, 91, 101, 88, 88, 89, 90, 90, 736, 90, 94, 496, 102, 95, 699, 106, 92, 93, 93, 91, 92, 92, 236, 95, 102, 88]","[1697462686354, 1697462688292, 1697462688388, 1697462688483, 1697462688579, 1697462688685, 1697462688776, 1697462688877, 1697462688965, 1697462689053, 1697462689142, 1697462689232, 1697462689322, 1697462690058, 1697462690148, 1697462690242, 1697462690738, 1697462690840, 1697462690935, 1697462691634, 1697462691740, 1697462691832, 1697462691925, 1697462692018, 1697462692109, 1697462692201, 1697462692293, 1697462692529, 1697462692624, 1697462692726, 1697462692814]"
481,666,14,[],200,EleutherAI/gpt-neox-20b,32,1,6515.0,1.0,4,T4,1697462687344,1697462693859.0,120,84.0,20.0,"[10, 3385, 101, 95, 699, 106, 92, 92, 94, 91, 92, 92, 236, 95, 102, 88, 98, 88, 765, 93]","[1697462687354, 1697462690739, 1697462690840, 1697462690935, 1697462691634, 1697462691740, 1697462691832, 1697462691924, 1697462692018, 1697462692109, 1697462692201, 1697462692293, 1697462692529, 1697462692624, 1697462692726, 1697462692814, 1697462692912, 1697462693000, 1697462693765, 1697462693858]"
482,551,16,[],200,EleutherAI/gpt-neox-20b,32,1,7857.0,1.0,4,T4,1697462671085,1697462678942.0,120,90.0,20.0,"[15, 5761, 86, 96, 82, 84, 82, 82, 82, 82, 82, 83, 219, 517, 83, 83, 82, 83, 85, 87]","[1697462671100, 1697462676861, 1697462676947, 1697462677043, 1697462677125, 1697462677209, 1697462677291, 1697462677373, 1697462677455, 1697462677537, 1697462677619, 1697462677702, 1697462677921, 1697462678438, 1697462678521, 1697462678604, 1697462678686, 1697462678769, 1697462678854, 1697462678941]"
483,803,15,[],200,EleutherAI/gpt-neox-20b,32,1,2288.0,1.0,4,T4,1697462661241,1697462663529.0,120,20.0,1.0,"[20, 2268]","[1697462661261, 1697462663529]"
484,840,16,[],200,EleutherAI/gpt-neox-20b,32,1,2409.0,1.0,4,T4,1697462682343,1697462684752.0,120,17.0,1.0,"[15, 2394]","[1697462682358, 1697462684752]"
485,786,17,[],200,EleutherAI/gpt-neox-20b,32,1,6087.0,1.0,4,T4,1697462684753,1697462690840.0,120,87.0,20.0,"[16, 2671, 99, 753, 96, 95, 96, 106, 91, 101, 88, 88, 89, 90, 90, 736, 90, 94, 497, 101]","[1697462684769, 1697462687440, 1697462687539, 1697462688292, 1697462688388, 1697462688483, 1697462688579, 1697462688685, 1697462688776, 1697462688877, 1697462688965, 1697462689053, 1697462689142, 1697462689232, 1697462689322, 1697462690058, 1697462690148, 1697462690242, 1697462690739, 1697462690840]"
486,624,16,[],200,EleutherAI/gpt-neox-20b,32,1,20522.0,1.0,4,T4,1697462663534,1697462684056.0,120,563.0,119.0,"[19, 4504, 543, 105, 197, 92, 91, 88, 100, 87, 88, 88, 88, 90, 88, 88, 90, 98, 84, 82, 82, 845, 155, 84, 84, 84, 84, 97, 83, 83, 85, 90, 88, 82, 191, 83, 83, 270, 86, 214, 98, 79, 79, 79, 79, 78, 79, 79, 93, 80, 79, 83, 81, 80, 79, 79, 79, 79, 504, 193, 94, 81, 81, 82, 79, 81, 80, 81, 84, 89, 673, 86, 96, 82, 84, 82, 82, 82, 82, 82, 83, 219, 517, 83, 83, 82, 83, 85, 87, 253, 82, 84, 82, 80, 720, 298, 89, 89, 90, 97, 94, 82, 452, 479, 82, 82, 81, 82, 668, 90, 89, 89, 96, 251, 99, 83, 83, 88, 81]","[1697462663553, 1697462668057, 1697462668600, 1697462668705, 1697462668902, 1697462668994, 1697462669085, 1697462669173, 1697462669273, 1697462669360, 1697462669448, 1697462669536, 1697462669624, 1697462669714, 1697462669802, 1697462669890, 1697462669980, 1697462670078, 1697462670162, 1697462670244, 1697462670326, 1697462671171, 1697462671326, 1697462671410, 1697462671494, 1697462671578, 1697462671662, 1697462671759, 1697462671842, 1697462671925, 1697462672010, 1697462672100, 1697462672188, 1697462672270, 1697462672461, 1697462672544, 1697462672627, 1697462672897, 1697462672983, 1697462673197, 1697462673295, 1697462673374, 1697462673453, 1697462673532, 1697462673611, 1697462673689, 1697462673768, 1697462673847, 1697462673940, 1697462674020, 1697462674099, 1697462674182, 1697462674263, 1697462674343, 1697462674422, 1697462674501, 1697462674580, 1697462674659, 1697462675163, 1697462675356, 1697462675450, 1697462675531, 1697462675612, 1697462675694, 1697462675773, 1697462675854, 1697462675934, 1697462676015, 1697462676099, 1697462676188, 1697462676861, 1697462676947, 1697462677043, 1697462677125, 1697462677209, 1697462677291, 1697462677373, 1697462677455, 1697462677537, 1697462677619, 1697462677702, 1697462677921, 1697462678438, 1697462678521, 1697462678604, 1697462678686, 1697462678769, 1697462678854, 1697462678941, 1697462679194, 1697462679276, 1697462679360, 1697462679442, 1697462679522, 1697462680242, 1697462680540, 1697462680629, 1697462680718, 1697462680808, 1697462680905, 1697462680999, 1697462681081, 1697462681533, 1697462682012, 1697462682094, 1697462682176, 1697462682257, 1697462682339, 1697462683007, 1697462683097, 1697462683186, 1697462683275, 1697462683371, 1697462683622, 1697462683721, 1697462683804, 1697462683887, 1697462683975, 1697462684056]"
487,373,17,[],200,EleutherAI/gpt-neox-20b,32,1,3964.0,1.0,4,T4,1697462678946,1697462682910.0,120,15.0,1.0,"[6, 3958]","[1697462678952, 1697462682910]"
488,84,6,[],200,EleutherAI/gpt-neox-20b,32,1,1141.0,1.0,4,T4,1697462657160,1697462658301.0,120,26.0,1.0,"[13, 1128]","[1697462657173, 1697462658301]"
489,25,7,[],200,EleutherAI/gpt-neox-20b,32,1,1467.0,1.0,4,T4,1697462658305,1697462659772.0,120,12.0,1.0,"[16, 1450]","[1697462658321, 1697462659771]"
490,610,18,[],200,EleutherAI/gpt-neox-20b,32,1,7206.0,1.0,4,T4,1697462690843,1697462698049.0,120,89.0,20.0,"[15, 3792, 104, 89, 89, 94, 798, 105, 92, 102, 92, 271, 105, 102, 94, 79, 893, 106, 92, 92]","[1697462690858, 1697462694650, 1697462694754, 1697462694843, 1697462694932, 1697462695026, 1697462695824, 1697462695929, 1697462696021, 1697462696123, 1697462696215, 1697462696486, 1697462696591, 1697462696693, 1697462696787, 1697462696866, 1697462697759, 1697462697865, 1697462697957, 1697462698049]"
491,789,8,[],200,EleutherAI/gpt-neox-20b,32,1,10205.0,1.0,4,T4,1697462659775,1697462669980.0,120,6.0,50.0,"[14, 1082, 90, 100, 88, 87, 1172, 104, 100, 1024, 110, 97, 96, 108, 107, 93, 91, 607, 99, 97, 97, 110, 108, 93, 385, 103, 805, 96, 107, 89, 90, 89, 90, 90, 564, 543, 105, 197, 92, 91, 88, 100, 87, 88, 88, 88, 90, 88, 88, 90]","[1697462659789, 1697462660871, 1697462660961, 1697462661061, 1697462661149, 1697462661236, 1697462662408, 1697462662512, 1697462662612, 1697462663636, 1697462663746, 1697462663843, 1697462663939, 1697462664047, 1697462664154, 1697462664247, 1697462664338, 1697462664945, 1697462665044, 1697462665141, 1697462665238, 1697462665348, 1697462665456, 1697462665549, 1697462665934, 1697462666037, 1697462666842, 1697462666938, 1697462667045, 1697462667134, 1697462667224, 1697462667313, 1697462667403, 1697462667493, 1697462668057, 1697462668600, 1697462668705, 1697462668902, 1697462668994, 1697462669085, 1697462669173, 1697462669273, 1697462669360, 1697462669448, 1697462669536, 1697462669624, 1697462669714, 1697462669802, 1697462669890, 1697462669980]"
492,593,12,[],200,EleutherAI/gpt-neox-20b,32,1,8095.0,1.0,4,T4,1697462672986,1697462681081.0,120,335.0,9.0,"[16, 7240, 297, 90, 89, 89, 98, 94, 81]","[1697462673002, 1697462680242, 1697462680539, 1697462680629, 1697462680718, 1697462680807, 1697462680905, 1697462680999, 1697462681080]"
493,225,15,[],200,EleutherAI/gpt-neox-20b,32,1,2910.0,1.0,4,T4,1697462692817,1697462695727.0,120,23.0,1.0,"[15, 2895]","[1697462692832, 1697462695727]"
494,895,17,[],200,EleutherAI/gpt-neox-20b,32,1,2126.0,1.0,4,T4,1697462691539,1697462693665.0,120,15.0,1.0,"[6, 2119]","[1697462691545, 1697462693664]"
495,836,18,[],200,EleutherAI/gpt-neox-20b,32,1,2059.0,1.0,4,T4,1697462693668,1697462695727.0,120,11.0,1.0,"[14, 2045]","[1697462693682, 1697462695727]"
496,734,16,[],200,EleutherAI/gpt-neox-20b,32,1,1669.0,1.0,4,T4,1697462707037,1697462708706.0,120,100.0,6.0,"[13, 1246, 95, 107, 105, 102]","[1697462707050, 1697462708296, 1697462708391, 1697462708498, 1697462708603, 1697462708705]"
497,205,18,[],200,EleutherAI/gpt-neox-20b,32,1,6409.0,1.0,4,T4,1697462682913,1697462689322.0,120,87.0,20.0,"[6, 2927, 97, 394, 104, 88, 911, 99, 753, 96, 95, 97, 105, 91, 101, 88, 88, 89, 91, 89]","[1697462682919, 1697462685846, 1697462685943, 1697462686337, 1697462686441, 1697462686529, 1697462687440, 1697462687539, 1697462688292, 1697462688388, 1697462688483, 1697462688580, 1697462688685, 1697462688776, 1697462688877, 1697462688965, 1697462689053, 1697462689142, 1697462689233, 1697462689322]"
498,173,23,[],200,EleutherAI/gpt-neox-20b,32,1,6412.0,1.0,4,T4,1697462691637,1697462698049.0,120,96.0,20.0,"[6, 3007, 104, 89, 89, 94, 798, 105, 91, 104, 91, 271, 105, 102, 94, 79, 894, 105, 92, 92]","[1697462691643, 1697462694650, 1697462694754, 1697462694843, 1697462694932, 1697462695026, 1697462695824, 1697462695929, 1697462696020, 1697462696124, 1697462696215, 1697462696486, 1697462696591, 1697462696693, 1697462696787, 1697462696866, 1697462697760, 1697462697865, 1697462697957, 1697462698049]"
499,677,17,[],200,EleutherAI/gpt-neox-20b,32,1,3879.0,1.0,4,T4,1697462708709,1697462712588.0,120,9.0,1.0,"[11, 3868]","[1697462708720, 1697462712588]"
500,505,18,[],200,EleutherAI/gpt-neox-20b,32,1,6796.0,1.0,4,T4,1697462712591,1697462719387.0,120,100.0,27.0,"[19, 3926, 84, 85, 88, 90, 84, 204, 84, 83, 85, 97, 83, 83, 96, 82, 82, 81, 81, 82, 580, 190, 83, 82, 83, 83, 96]","[1697462712610, 1697462716536, 1697462716620, 1697462716705, 1697462716793, 1697462716883, 1697462716967, 1697462717171, 1697462717255, 1697462717338, 1697462717423, 1697462717520, 1697462717603, 1697462717686, 1697462717782, 1697462717864, 1697462717946, 1697462718027, 1697462718108, 1697462718190, 1697462718770, 1697462718960, 1697462719043, 1697462719125, 1697462719208, 1697462719291, 1697462719387]"
501,767,6,[],200,EleutherAI/gpt-neox-20b,32,1,1666.0,1.0,4,T4,1697462659112,1697462660778.0,120,11.0,1.0,"[14, 1652]","[1697462659126, 1697462660778]"
502,599,7,[],200,EleutherAI/gpt-neox-20b,32,1,10881.0,1.0,4,T4,1697462660781,1697462671662.0,120,58.0,55.0,"[21, 1606, 104, 100, 1024, 110, 97, 96, 108, 107, 93, 90, 608, 99, 97, 97, 110, 108, 93, 384, 104, 805, 96, 107, 89, 90, 89, 90, 90, 564, 542, 106, 197, 92, 91, 88, 100, 87, 88, 88, 88, 90, 88, 88, 90, 98, 84, 82, 82, 846, 154, 84, 84, 84, 84]","[1697462660802, 1697462662408, 1697462662512, 1697462662612, 1697462663636, 1697462663746, 1697462663843, 1697462663939, 1697462664047, 1697462664154, 1697462664247, 1697462664337, 1697462664945, 1697462665044, 1697462665141, 1697462665238, 1697462665348, 1697462665456, 1697462665549, 1697462665933, 1697462666037, 1697462666842, 1697462666938, 1697462667045, 1697462667134, 1697462667224, 1697462667313, 1697462667403, 1697462667493, 1697462668057, 1697462668599, 1697462668705, 1697462668902, 1697462668994, 1697462669085, 1697462669173, 1697462669273, 1697462669360, 1697462669448, 1697462669536, 1697462669624, 1697462669714, 1697462669802, 1697462669890, 1697462669980, 1697462670078, 1697462670162, 1697462670244, 1697462670326, 1697462671172, 1697462671326, 1697462671410, 1697462671494, 1697462671578, 1697462671662]"
503,822,2,[],200,EleutherAI/gpt-neox-20b,32,1,5279.0,1.0,4,T4,1697462690742,1697462696021.0,120,88.0,20.0,"[15, 1772, 95, 102, 88, 98, 87, 766, 93, 107, 92, 90, 503, 104, 89, 89, 94, 798, 105, 91]","[1697462690757, 1697462692529, 1697462692624, 1697462692726, 1697462692814, 1697462692912, 1697462692999, 1697462693765, 1697462693858, 1697462693965, 1697462694057, 1697462694147, 1697462694650, 1697462694754, 1697462694843, 1697462694932, 1697462695026, 1697462695824, 1697462695929, 1697462696020]"
504,234,12,[],200,EleutherAI/gpt-neox-20b,32,1,9318.0,1.0,4,T4,1697462668603,1697462677921.0,120,457.0,25.0,"[18, 6448, 94, 193, 95, 80, 81, 82, 79, 81, 80, 81, 84, 90, 672, 86, 96, 82, 84, 82, 82, 82, 82, 82, 83, 219]","[1697462668621, 1697462675069, 1697462675163, 1697462675356, 1697462675451, 1697462675531, 1697462675612, 1697462675694, 1697462675773, 1697462675854, 1697462675934, 1697462676015, 1697462676099, 1697462676189, 1697462676861, 1697462676947, 1697462677043, 1697462677125, 1697462677209, 1697462677291, 1697462677373, 1697462677455, 1697462677537, 1697462677619, 1697462677702, 1697462677921]"
505,54,16,[],200,EleutherAI/gpt-neox-20b,32,1,5956.0,1.0,4,T4,1697462695729,1697462701685.0,120,87.0,20.0,"[16, 2819, 96, 107, 310, 103, 614, 96, 108, 110, 99, 94, 107, 694, 108, 103, 91, 90, 89, 101]","[1697462695745, 1697462698564, 1697462698660, 1697462698767, 1697462699077, 1697462699180, 1697462699794, 1697462699890, 1697462699998, 1697462700108, 1697462700207, 1697462700301, 1697462700408, 1697462701102, 1697462701210, 1697462701313, 1697462701404, 1697462701494, 1697462701583, 1697462701684]"
506,647,3,[],200,EleutherAI/gpt-neox-20b,32,1,5938.0,1.0,4,T4,1697462696022,1697462701960.0,120,83.0,20.0,"[13, 3042, 103, 614, 96, 108, 110, 99, 94, 106, 695, 108, 103, 91, 90, 89, 101, 100, 88, 88]","[1697462696035, 1697462699077, 1697462699180, 1697462699794, 1697462699890, 1697462699998, 1697462700108, 1697462700207, 1697462700301, 1697462700407, 1697462701102, 1697462701210, 1697462701313, 1697462701404, 1697462701494, 1697462701583, 1697462701684, 1697462701784, 1697462701872, 1697462701960]"
507,79,25,[],200,EleutherAI/gpt-neox-20b,32,1,844.0,1.0,4,T4,1697462725485,1697462726329.0,120,12.0,1.0,"[19, 824]","[1697462725504, 1697462726328]"
508,836,26,[],200,EleutherAI/gpt-neox-20b,32,1,1910.0,1.0,4,T4,1697462726333,1697462728243.0,120,11.0,1.0,"[19, 1891]","[1697462726352, 1697462728243]"
509,778,27,[],200,EleutherAI/gpt-neox-20b,32,1,6356.0,1.0,4,T4,1697462728245,1697462734601.0,120,16.0,50.0,"[13, 1238, 101, 98, 91, 91, 90, 91, 103, 91, 90, 279, 92, 92, 102, 89, 88, 90, 88, 91, 748, 90, 77, 77, 86, 75, 75, 81, 72, 354, 80, 88, 74, 76, 74, 75, 75, 77, 75, 83, 74, 76, 75, 73, 73, 73, 73, 73, 73, 73]","[1697462728258, 1697462729496, 1697462729597, 1697462729695, 1697462729786, 1697462729877, 1697462729967, 1697462730058, 1697462730161, 1697462730252, 1697462730342, 1697462730621, 1697462730713, 1697462730805, 1697462730907, 1697462730996, 1697462731084, 1697462731174, 1697462731262, 1697462731353, 1697462732101, 1697462732191, 1697462732268, 1697462732345, 1697462732431, 1697462732506, 1697462732581, 1697462732662, 1697462732734, 1697462733088, 1697462733168, 1697462733256, 1697462733330, 1697462733406, 1697462733480, 1697462733555, 1697462733630, 1697462733707, 1697462733782, 1697462733865, 1697462733939, 1697462734015, 1697462734090, 1697462734163, 1697462734236, 1697462734309, 1697462734382, 1697462734455, 1697462734528, 1697462734601]"
510,808,17,[],200,EleutherAI/gpt-neox-20b,32,1,2941.0,1.0,4,T4,1697462701689,1697462704630.0,120,286.0,2.0,"[16, 2925]","[1697462701705, 1697462704630]"
511,643,18,[],200,EleutherAI/gpt-neox-20b,32,1,996.0,1.0,4,T4,1697462704634,1697462705630.0,120,18.0,1.0,"[6, 990]","[1697462704640, 1697462705630]"
512,583,19,[],200,EleutherAI/gpt-neox-20b,32,1,4509.0,1.0,4,T4,1697462705633,1697462710142.0,120,96.0,20.0,"[12, 1197, 96, 96, 103, 90, 98, 971, 95, 107, 104, 103, 101, 795, 90, 90, 90, 90, 90, 91]","[1697462705645, 1697462706842, 1697462706938, 1697462707034, 1697462707137, 1697462707227, 1697462707325, 1697462708296, 1697462708391, 1697462708498, 1697462708602, 1697462708705, 1697462708806, 1697462709601, 1697462709691, 1697462709781, 1697462709871, 1697462709961, 1697462710051, 1697462710142]"
513,302,20,[],200,EleutherAI/gpt-neox-20b,32,1,5368.0,1.0,4,T4,1697462688780,1697462694148.0,120,85.0,20.0,"[12, 2842, 106, 92, 92, 94, 91, 92, 92, 235, 96, 102, 88, 98, 87, 766, 93, 107, 91, 92]","[1697462688792, 1697462691634, 1697462691740, 1697462691832, 1697462691924, 1697462692018, 1697462692109, 1697462692201, 1697462692293, 1697462692528, 1697462692624, 1697462692726, 1697462692814, 1697462692912, 1697462692999, 1697462693765, 1697462693858, 1697462693965, 1697462694056, 1697462694148]"
514,330,19,[],200,EleutherAI/gpt-neox-20b,32,1,8046.0,1.0,4,T4,1697462719390,1697462727436.0,120,345.0,14.0,"[9, 6180, 92, 101, 655, 116, 101, 95, 94, 91, 92, 92, 105, 223]","[1697462719399, 1697462725579, 1697462725671, 1697462725772, 1697462726427, 1697462726543, 1697462726644, 1697462726739, 1697462726833, 1697462726924, 1697462727016, 1697462727108, 1697462727213, 1697462727436]"
515,415,20,[],200,EleutherAI/gpt-neox-20b,32,1,7278.0,1.0,4,T4,1697462710145,1697462717423.0,120,109.0,29.0,"[19, 3373, 87, 99, 456, 82, 358, 84, 82, 83, 81, 96, 86, 204, 82, 93, 82, 81, 81, 782, 84, 85, 88, 90, 84, 204, 84, 83, 85]","[1697462710164, 1697462713537, 1697462713624, 1697462713723, 1697462714179, 1697462714261, 1697462714619, 1697462714703, 1697462714785, 1697462714868, 1697462714949, 1697462715045, 1697462715131, 1697462715335, 1697462715417, 1697462715510, 1697462715592, 1697462715673, 1697462715754, 1697462716536, 1697462716620, 1697462716705, 1697462716793, 1697462716883, 1697462716967, 1697462717171, 1697462717255, 1697462717338, 1697462717423]"
516,165,20,[],200,EleutherAI/gpt-neox-20b,32,1,3917.0,1.0,4,T4,1697462727437,1697462731354.0,120,83.0,20.0,"[13, 2046, 101, 98, 91, 91, 90, 91, 103, 91, 90, 278, 93, 92, 102, 89, 88, 90, 88, 92]","[1697462727450, 1697462729496, 1697462729597, 1697462729695, 1697462729786, 1697462729877, 1697462729967, 1697462730058, 1697462730161, 1697462730252, 1697462730342, 1697462730620, 1697462730713, 1697462730805, 1697462730907, 1697462730996, 1697462731084, 1697462731174, 1697462731262, 1697462731354]"
517,603,15,[],200,EleutherAI/gpt-neox-20b,32,1,2408.0,1.0,4,T4,1697462682345,1697462684753.0,120,9.0,1.0,"[6, 2401]","[1697462682351, 1697462684752]"
518,134,21,[],200,EleutherAI/gpt-neox-20b,32,1,7059.0,1.0,4,T4,1697462694151,1697462701210.0,120,86.0,20.0,"[22, 3587, 105, 92, 92, 102, 413, 96, 107, 310, 103, 614, 96, 107, 111, 99, 94, 107, 694, 108]","[1697462694173, 1697462697760, 1697462697865, 1697462697957, 1697462698049, 1697462698151, 1697462698564, 1697462698660, 1697462698767, 1697462699077, 1697462699180, 1697462699794, 1697462699890, 1697462699997, 1697462700108, 1697462700207, 1697462700301, 1697462700408, 1697462701102, 1697462701210]"
519,576,20,[],200,EleutherAI/gpt-neox-20b,32,1,963.0,1.0,4,T4,1697462696697,1697462697660.0,120,14.0,1.0,"[16, 947]","[1697462696713, 1697462697660]"
520,401,21,[],200,EleutherAI/gpt-neox-20b,32,1,5272.0,1.0,4,T4,1697462697661,1697462702933.0,120,84.0,20.0,"[13, 2120, 96, 108, 110, 99, 94, 106, 695, 108, 103, 91, 90, 89, 101, 100, 88, 88, 879, 94]","[1697462697674, 1697462699794, 1697462699890, 1697462699998, 1697462700108, 1697462700207, 1697462700301, 1697462700407, 1697462701102, 1697462701210, 1697462701313, 1697462701404, 1697462701494, 1697462701583, 1697462701684, 1697462701784, 1697462701872, 1697462701960, 1697462702839, 1697462702933]"
521,927,24,[],200,EleutherAI/gpt-neox-20b,32,1,4883.0,1.0,4,T4,1697462698050,1697462702933.0,120,83.0,20.0,"[15, 1729, 96, 108, 110, 99, 94, 107, 694, 108, 103, 91, 90, 89, 101, 100, 88, 88, 879, 94]","[1697462698065, 1697462699794, 1697462699890, 1697462699998, 1697462700108, 1697462700207, 1697462700301, 1697462700408, 1697462701102, 1697462701210, 1697462701313, 1697462701404, 1697462701494, 1697462701583, 1697462701684, 1697462701784, 1697462701872, 1697462701960, 1697462702839, 1697462702933]"
522,592,4,[],200,EleutherAI/gpt-neox-20b,32,1,11017.0,1.0,4,T4,1697462701964,1697462712981.0,120,15.0,50.0,"[11, 1667, 95, 94, 107, 95, 94, 503, 109, 91, 901, 109, 95, 105, 93, 92, 92, 525, 96, 95, 104, 90, 98, 971, 95, 107, 104, 103, 101, 795, 90, 90, 90, 90, 90, 91, 653, 103, 190, 90, 89, 89, 100, 88, 94, 94, 82, 79, 789, 299]","[1697462701975, 1697462703642, 1697462703737, 1697462703831, 1697462703938, 1697462704033, 1697462704127, 1697462704630, 1697462704739, 1697462704830, 1697462705731, 1697462705840, 1697462705935, 1697462706040, 1697462706133, 1697462706225, 1697462706317, 1697462706842, 1697462706938, 1697462707033, 1697462707137, 1697462707227, 1697462707325, 1697462708296, 1697462708391, 1697462708498, 1697462708602, 1697462708705, 1697462708806, 1697462709601, 1697462709691, 1697462709781, 1697462709871, 1697462709961, 1697462710051, 1697462710142, 1697462710795, 1697462710898, 1697462711088, 1697462711178, 1697462711267, 1697462711356, 1697462711456, 1697462711544, 1697462711638, 1697462711732, 1697462711814, 1697462711893, 1697462712682, 1697462712981]"
523,237,21,[],200,EleutherAI/gpt-neox-20b,32,1,8245.0,1.0,4,T4,1697462717427,1697462725672.0,120,87.0,20.0,"[5, 5315, 92, 102, 91, 93, 90, 89, 89, 755, 92, 104, 90, 91, 89, 90, 90, 90, 695, 92]","[1697462717432, 1697462722747, 1697462722839, 1697462722941, 1697462723032, 1697462723125, 1697462723215, 1697462723304, 1697462723393, 1697462724148, 1697462724240, 1697462724344, 1697462724434, 1697462724525, 1697462724614, 1697462724704, 1697462724794, 1697462724884, 1697462725579, 1697462725671]"
524,495,15,[],200,EleutherAI/gpt-neox-20b,32,1,1865.0,1.0,4,T4,1697462693862,1697462695727.0,120,13.0,1.0,"[16, 1849]","[1697462693878, 1697462695727]"
525,821,16,[],200,EleutherAI/gpt-neox-20b,32,1,9709.0,1.0,4,T4,1697462672630,1697462682339.0,120,85.0,20.0,"[9, 6555, 82, 84, 82, 81, 719, 298, 89, 89, 89, 98, 94, 82, 452, 479, 82, 82, 81, 82]","[1697462672639, 1697462679194, 1697462679276, 1697462679360, 1697462679442, 1697462679523, 1697462680242, 1697462680540, 1697462680629, 1697462680718, 1697462680807, 1697462680905, 1697462680999, 1697462681081, 1697462681533, 1697462682012, 1697462682094, 1697462682176, 1697462682257, 1697462682339]"
526,327,16,[],200,EleutherAI/gpt-neox-20b,32,1,3349.0,1.0,4,T4,1697462695728,1697462699077.0,120,563.0,10.0,"[14, 2017, 106, 92, 92, 102, 413, 96, 107, 310]","[1697462695742, 1697462697759, 1697462697865, 1697462697957, 1697462698049, 1697462698151, 1697462698564, 1697462698660, 1697462698767, 1697462699077]"
527,324,22,[],200,EleutherAI/gpt-neox-20b,32,1,10688.0,1.0,4,T4,1697462702936,1697462713624.0,120,17.0,50.0,"[16, 1678, 109, 91, 901, 109, 95, 105, 93, 92, 92, 525, 96, 96, 103, 90, 98, 971, 95, 107, 104, 103, 101, 795, 90, 90, 90, 90, 90, 91, 653, 103, 190, 90, 89, 89, 101, 87, 94, 94, 82, 79, 789, 299, 98, 83, 83, 82, 210, 87]","[1697462702952, 1697462704630, 1697462704739, 1697462704830, 1697462705731, 1697462705840, 1697462705935, 1697462706040, 1697462706133, 1697462706225, 1697462706317, 1697462706842, 1697462706938, 1697462707034, 1697462707137, 1697462707227, 1697462707325, 1697462708296, 1697462708391, 1697462708498, 1697462708602, 1697462708705, 1697462708806, 1697462709601, 1697462709691, 1697462709781, 1697462709871, 1697462709961, 1697462710051, 1697462710142, 1697462710795, 1697462710898, 1697462711088, 1697462711178, 1697462711267, 1697462711356, 1697462711457, 1697462711544, 1697462711638, 1697462711732, 1697462711814, 1697462711893, 1697462712682, 1697462712981, 1697462713079, 1697462713162, 1697462713245, 1697462713327, 1697462713537, 1697462713624]"
528,642,17,[],200,EleutherAI/gpt-neox-20b,32,1,6980.0,1.0,4,T4,1697462682342,1697462689322.0,120,89.0,20.0,"[5, 3499, 97, 394, 104, 88, 911, 99, 753, 96, 95, 97, 105, 91, 101, 88, 88, 89, 90, 90]","[1697462682347, 1697462685846, 1697462685943, 1697462686337, 1697462686441, 1697462686529, 1697462687440, 1697462687539, 1697462688292, 1697462688388, 1697462688483, 1697462688580, 1697462688685, 1697462688776, 1697462688877, 1697462688965, 1697462689053, 1697462689142, 1697462689232, 1697462689322]"
529,186,13,[],200,EleutherAI/gpt-neox-20b,32,1,8019.0,1.0,4,T4,1697462677924,1697462685943.0,120,123.0,22.0,"[14, 5069, 90, 89, 89, 96, 251, 99, 83, 83, 88, 81, 793, 89, 100, 81, 88, 89, 89, 88, 373, 97]","[1697462677938, 1697462683007, 1697462683097, 1697462683186, 1697462683275, 1697462683371, 1697462683622, 1697462683721, 1697462683804, 1697462683887, 1697462683975, 1697462684056, 1697462684849, 1697462684938, 1697462685038, 1697462685119, 1697462685207, 1697462685296, 1697462685385, 1697462685473, 1697462685846, 1697462685943]"
530,162,24,[],200,EleutherAI/gpt-neox-20b,32,1,7339.0,1.0,4,T4,1697462713727,1697462721066.0,120,90.0,20.0,"[15, 5028, 190, 83, 82, 83, 83, 96, 94, 81, 83, 84, 387, 82, 81, 82, 452, 83, 84, 86]","[1697462713742, 1697462718770, 1697462718960, 1697462719043, 1697462719125, 1697462719208, 1697462719291, 1697462719387, 1697462719481, 1697462719562, 1697462719645, 1697462719729, 1697462720116, 1697462720198, 1697462720279, 1697462720361, 1697462720813, 1697462720896, 1697462720980, 1697462721066]"
531,11,14,[],200,EleutherAI/gpt-neox-20b,32,1,6679.0,1.0,4,T4,1697462685945,1697462692624.0,120,732.0,17.0,"[15, 4098, 90, 94, 496, 102, 94, 700, 106, 92, 92, 94, 91, 92, 92, 235, 96]","[1697462685960, 1697462690058, 1697462690148, 1697462690242, 1697462690738, 1697462690840, 1697462690934, 1697462691634, 1697462691740, 1697462691832, 1697462691924, 1697462692018, 1697462692109, 1697462692201, 1697462692293, 1697462692528, 1697462692624]"
532,769,15,[],200,EleutherAI/gpt-neox-20b,32,1,6451.0,1.0,4,T4,1697462692626,1697462699077.0,120,47.0,20.0,"[7, 3191, 105, 92, 103, 91, 271, 105, 102, 94, 79, 893, 106, 92, 92, 102, 413, 96, 107, 310]","[1697462692633, 1697462695824, 1697462695929, 1697462696021, 1697462696124, 1697462696215, 1697462696486, 1697462696591, 1697462696693, 1697462696787, 1697462696866, 1697462697759, 1697462697865, 1697462697957, 1697462698049, 1697462698151, 1697462698564, 1697462698660, 1697462698767, 1697462699077]"
533,597,16,[],200,EleutherAI/gpt-neox-20b,32,1,1921.0,1.0,4,T4,1697462699079,1697462701000.0,120,39.0,1.0,"[16, 1905]","[1697462699095, 1697462701000]"
534,513,17,[],200,EleutherAI/gpt-neox-20b,32,1,5314.0,1.0,4,T4,1697462701003,1697462706317.0,120,83.0,20.0,"[16, 1820, 94, 96, 613, 95, 94, 106, 96, 94, 503, 109, 91, 901, 109, 95, 105, 93, 92, 92]","[1697462701019, 1697462702839, 1697462702933, 1697462703029, 1697462703642, 1697462703737, 1697462703831, 1697462703937, 1697462704033, 1697462704127, 1697462704630, 1697462704739, 1697462704830, 1697462705731, 1697462705840, 1697462705935, 1697462706040, 1697462706133, 1697462706225, 1697462706317]"
535,113,25,[],200,EleutherAI/gpt-neox-20b,32,1,4414.0,1.0,4,T4,1697462721070,1697462725484.0,120,13.0,1.0,"[7, 4407]","[1697462721077, 1697462725484]"
536,264,17,[],200,EleutherAI/gpt-neox-20b,32,1,5048.0,1.0,4,T4,1697462699079,1697462704127.0,120,86.0,20.0,"[17, 2006, 108, 103, 91, 90, 89, 101, 100, 88, 88, 879, 94, 96, 613, 95, 94, 107, 95, 94]","[1697462699096, 1697462701102, 1697462701210, 1697462701313, 1697462701404, 1697462701494, 1697462701583, 1697462701684, 1697462701784, 1697462701872, 1697462701960, 1697462702839, 1697462702933, 1697462703029, 1697462703642, 1697462703737, 1697462703831, 1697462703938, 1697462704033, 1697462704127]"
537,867,26,[],200,EleutherAI/gpt-neox-20b,32,1,3344.0,1.0,4,T4,1697462725485,1697462728829.0,120,91.0,20.0,"[20, 922, 116, 101, 95, 94, 91, 92, 92, 105, 223, 111, 90, 103, 601, 94, 93, 107, 104, 89]","[1697462725505, 1697462726427, 1697462726543, 1697462726644, 1697462726739, 1697462726833, 1697462726924, 1697462727016, 1697462727108, 1697462727213, 1697462727436, 1697462727547, 1697462727637, 1697462727740, 1697462728341, 1697462728435, 1697462728528, 1697462728635, 1697462728739, 1697462728828]"
538,447,19,[],200,EleutherAI/gpt-neox-20b,32,1,4879.0,1.0,4,T4,1697462698054,1697462702933.0,120,161.0,13.0,"[14, 3034, 108, 103, 91, 90, 89, 101, 100, 88, 88, 879, 94]","[1697462698068, 1697462701102, 1697462701210, 1697462701313, 1697462701404, 1697462701494, 1697462701583, 1697462701684, 1697462701784, 1697462701872, 1697462701960, 1697462702839, 1697462702933]"
539,884,22,[],200,EleutherAI/gpt-neox-20b,32,1,5823.0,1.0,4,T4,1697462701211,1697462707034.0,120,90.0,20.0,"[11, 2420, 95, 94, 107, 95, 94, 503, 109, 92, 900, 109, 95, 105, 93, 92, 92, 524, 97, 96]","[1697462701222, 1697462703642, 1697462703737, 1697462703831, 1697462703938, 1697462704033, 1697462704127, 1697462704630, 1697462704739, 1697462704831, 1697462705731, 1697462705840, 1697462705935, 1697462706040, 1697462706133, 1697462706225, 1697462706317, 1697462706841, 1697462706938, 1697462707034]"
540,833,23,[],200,EleutherAI/gpt-neox-20b,32,1,3105.0,1.0,4,T4,1697462707037,1697462710142.0,120,563.0,8.0,"[16, 2548, 90, 90, 90, 90, 90, 91]","[1697462707053, 1697462709601, 1697462709691, 1697462709781, 1697462709871, 1697462709961, 1697462710051, 1697462710142]"
541,661,24,[],200,EleutherAI/gpt-neox-20b,32,1,4986.0,1.0,4,T4,1697462710145,1697462715131.0,120,161.0,10.0,"[18, 4016, 82, 358, 84, 82, 83, 81, 96, 86]","[1697462710163, 1697462714179, 1697462714261, 1697462714619, 1697462714703, 1697462714785, 1697462714868, 1697462714949, 1697462715045, 1697462715131]"
542,492,25,[],200,EleutherAI/gpt-neox-20b,32,1,9106.0,1.0,4,T4,1697462715134,1697462724240.0,120,47.0,20.0,"[13, 6148, 193, 97, 83, 85, 81, 82, 84, 87, 661, 91, 102, 91, 93, 90, 89, 89, 754, 93]","[1697462715147, 1697462721295, 1697462721488, 1697462721585, 1697462721668, 1697462721753, 1697462721834, 1697462721916, 1697462722000, 1697462722087, 1697462722748, 1697462722839, 1697462722941, 1697462723032, 1697462723125, 1697462723215, 1697462723304, 1697462723393, 1697462724147, 1697462724240]"
543,474,18,[],200,EleutherAI/gpt-neox-20b,32,1,7369.0,1.0,4,T4,1697462689325,1697462696694.0,120,109.0,33.0,"[6, 2303, 106, 92, 92, 94, 91, 92, 92, 236, 95, 102, 88, 98, 88, 765, 93, 107, 92, 90, 503, 104, 89, 89, 94, 798, 105, 91, 104, 91, 271, 105, 103]","[1697462689331, 1697462691634, 1697462691740, 1697462691832, 1697462691924, 1697462692018, 1697462692109, 1697462692201, 1697462692293, 1697462692529, 1697462692624, 1697462692726, 1697462692814, 1697462692912, 1697462693000, 1697462693765, 1697462693858, 1697462693965, 1697462694057, 1697462694147, 1697462694650, 1697462694754, 1697462694843, 1697462694932, 1697462695026, 1697462695824, 1697462695929, 1697462696020, 1697462696124, 1697462696215, 1697462696486, 1697462696591, 1697462696694]"
544,879,25,[],200,EleutherAI/gpt-neox-20b,32,1,12013.0,1.0,4,T4,1697462702936,1697462714949.0,120,39.0,55.0,"[21, 2774, 109, 95, 105, 93, 92, 92, 525, 96, 96, 103, 90, 98, 971, 95, 107, 104, 103, 101, 795, 90, 90, 90, 90, 90, 91, 653, 103, 190, 90, 89, 89, 101, 87, 94, 94, 82, 79, 789, 299, 98, 83, 83, 82, 210, 87, 99, 456, 82, 358, 84, 82, 83, 81]","[1697462702957, 1697462705731, 1697462705840, 1697462705935, 1697462706040, 1697462706133, 1697462706225, 1697462706317, 1697462706842, 1697462706938, 1697462707034, 1697462707137, 1697462707227, 1697462707325, 1697462708296, 1697462708391, 1697462708498, 1697462708602, 1697462708705, 1697462708806, 1697462709601, 1697462709691, 1697462709781, 1697462709871, 1697462709961, 1697462710051, 1697462710142, 1697462710795, 1697462710898, 1697462711088, 1697462711178, 1697462711267, 1697462711356, 1697462711457, 1697462711544, 1697462711638, 1697462711732, 1697462711814, 1697462711893, 1697462712682, 1697462712981, 1697462713079, 1697462713162, 1697462713245, 1697462713327, 1697462713537, 1697462713624, 1697462713723, 1697462714179, 1697462714261, 1697462714619, 1697462714703, 1697462714785, 1697462714868, 1697462714949]"
545,849,12,[],200,EleutherAI/gpt-neox-20b,32,1,1659.0,1.0,4,T4,1697462686533,1697462688192.0,120,10.0,1.0,"[16, 1643]","[1697462686549, 1697462688192]"
546,673,13,[],200,EleutherAI/gpt-neox-20b,32,1,5954.0,1.0,4,T4,1697462688194,1697462694148.0,120,93.0,20.0,"[13, 3427, 106, 92, 92, 94, 91, 92, 92, 235, 96, 102, 88, 98, 87, 766, 93, 107, 91, 92]","[1697462688207, 1697462691634, 1697462691740, 1697462691832, 1697462691924, 1697462692018, 1697462692109, 1697462692201, 1697462692293, 1697462692528, 1697462692624, 1697462692726, 1697462692814, 1697462692912, 1697462692999, 1697462693765, 1697462693858, 1697462693965, 1697462694056, 1697462694148]"
547,96,18,[],200,EleutherAI/gpt-neox-20b,32,1,1498.0,1.0,4,T4,1697462704132,1697462705630.0,120,31.0,1.0,"[21, 1477]","[1697462704153, 1697462705630]"
548,854,19,[],200,EleutherAI/gpt-neox-20b,32,1,6005.0,1.0,4,T4,1697462705633,1697462711638.0,120,67.0,29.0,"[16, 1192, 97, 96, 103, 90, 98, 971, 95, 107, 104, 103, 101, 795, 90, 90, 90, 90, 90, 91, 653, 103, 190, 90, 89, 89, 100, 88, 94]","[1697462705649, 1697462706841, 1697462706938, 1697462707034, 1697462707137, 1697462707227, 1697462707325, 1697462708296, 1697462708391, 1697462708498, 1697462708602, 1697462708705, 1697462708806, 1697462709601, 1697462709691, 1697462709781, 1697462709871, 1697462709961, 1697462710051, 1697462710142, 1697462710795, 1697462710898, 1697462711088, 1697462711178, 1697462711267, 1697462711356, 1697462711456, 1697462711544, 1697462711638]"
549,508,13,[],200,EleutherAI/gpt-neox-20b,32,1,7498.0,1.0,4,T4,1697462681082,1697462688580.0,120,86.0,20.0,"[13, 3754, 89, 100, 81, 88, 89, 89, 88, 373, 97, 394, 104, 88, 911, 100, 752, 96, 95, 97]","[1697462681095, 1697462684849, 1697462684938, 1697462685038, 1697462685119, 1697462685207, 1697462685296, 1697462685385, 1697462685473, 1697462685846, 1697462685943, 1697462686337, 1697462686441, 1697462686529, 1697462687440, 1697462687540, 1697462688292, 1697462688388, 1697462688483, 1697462688580]"
550,457,17,[],200,EleutherAI/gpt-neox-20b,32,1,3382.0,1.0,4,T4,1697462684058,1697462687440.0,120,874.0,2.0,"[15, 3367]","[1697462684073, 1697462687440]"
551,285,18,[],200,EleutherAI/gpt-neox-20b,32,1,7492.0,1.0,4,T4,1697462687441,1697462694933.0,120,100.0,27.0,"[12, 3286, 101, 94, 700, 106, 92, 92, 94, 91, 92, 91, 236, 96, 102, 88, 98, 87, 766, 93, 107, 91, 91, 503, 104, 89, 89]","[1697462687453, 1697462690739, 1697462690840, 1697462690934, 1697462691634, 1697462691740, 1697462691832, 1697462691924, 1697462692018, 1697462692109, 1697462692201, 1697462692292, 1697462692528, 1697462692624, 1697462692726, 1697462692814, 1697462692912, 1697462692999, 1697462693765, 1697462693858, 1697462693965, 1697462694056, 1697462694147, 1697462694650, 1697462694754, 1697462694843, 1697462694932]"
552,684,20,[],200,EleutherAI/gpt-neox-20b,32,1,6047.0,1.0,4,T4,1697462711639,1697462717686.0,120,100.0,20.0,"[5, 3691, 82, 94, 81, 81, 81, 782, 84, 85, 88, 90, 84, 204, 84, 83, 85, 97, 83, 83]","[1697462711644, 1697462715335, 1697462715417, 1697462715511, 1697462715592, 1697462715673, 1697462715754, 1697462716536, 1697462716620, 1697462716705, 1697462716793, 1697462716883, 1697462716967, 1697462717171, 1697462717255, 1697462717338, 1697462717423, 1697462717520, 1697462717603, 1697462717686]"
553,628,21,[],200,EleutherAI/gpt-neox-20b,32,1,7197.0,1.0,4,T4,1697462717687,1697462724884.0,120,732.0,10.0,"[15, 6445, 93, 104, 90, 91, 89, 90, 90, 90]","[1697462717702, 1697462724147, 1697462724240, 1697462724344, 1697462724434, 1697462724525, 1697462724614, 1697462724704, 1697462724794, 1697462724884]"
554,450,22,[],200,EleutherAI/gpt-neox-20b,32,1,3943.0,1.0,4,T4,1697462724885,1697462728828.0,120,91.0,20.0,"[13, 1529, 116, 101, 95, 94, 92, 91, 92, 105, 223, 111, 90, 103, 601, 94, 93, 107, 104, 89]","[1697462724898, 1697462726427, 1697462726543, 1697462726644, 1697462726739, 1697462726833, 1697462726925, 1697462727016, 1697462727108, 1697462727213, 1697462727436, 1697462727547, 1697462727637, 1697462727740, 1697462728341, 1697462728435, 1697462728528, 1697462728635, 1697462728739, 1697462728828]"
555,341,14,[],200,EleutherAI/gpt-neox-20b,32,1,5565.0,1.0,4,T4,1697462688583,1697462694148.0,120,87.0,20.0,"[13, 3039, 105, 92, 93, 93, 91, 92, 92, 235, 96, 102, 88, 98, 87, 766, 93, 107, 92, 91]","[1697462688596, 1697462691635, 1697462691740, 1697462691832, 1697462691925, 1697462692018, 1697462692109, 1697462692201, 1697462692293, 1697462692528, 1697462692624, 1697462692726, 1697462692814, 1697462692912, 1697462692999, 1697462693765, 1697462693858, 1697462693965, 1697462694057, 1697462694148]"
556,419,19,[],200,EleutherAI/gpt-neox-20b,32,1,6236.0,1.0,4,T4,1697462696697,1697462702933.0,120,88.0,20.0,"[5, 3092, 96, 108, 110, 99, 94, 107, 694, 108, 103, 91, 90, 89, 101, 100, 88, 88, 879, 94]","[1697462696702, 1697462699794, 1697462699890, 1697462699998, 1697462700108, 1697462700207, 1697462700301, 1697462700408, 1697462701102, 1697462701210, 1697462701313, 1697462701404, 1697462701494, 1697462701583, 1697462701684, 1697462701784, 1697462701872, 1697462701960, 1697462702839, 1697462702933]"
557,331,20,[],200,EleutherAI/gpt-neox-20b,32,1,1640.0,1.0,4,T4,1697462698053,1697462699693.0,120,26.0,1.0,"[16, 1624]","[1697462698069, 1697462699693]"
558,763,6,[],200,EleutherAI/gpt-neox-20b,32,1,1669.0,1.0,4,T4,1697462650377,1697462652046.0,120,20.0,1.0,"[16, 1653]","[1697462650393, 1697462652046]"
559,271,21,[],200,EleutherAI/gpt-neox-20b,32,1,4430.0,1.0,4,T4,1697462699697,1697462704127.0,120,87.0,20.0,"[14, 1391, 108, 102, 92, 90, 89, 101, 100, 88, 88, 879, 94, 96, 613, 95, 93, 108, 95, 94]","[1697462699711, 1697462701102, 1697462701210, 1697462701312, 1697462701404, 1697462701494, 1697462701583, 1697462701684, 1697462701784, 1697462701872, 1697462701960, 1697462702839, 1697462702933, 1697462703029, 1697462703642, 1697462703737, 1697462703830, 1697462703938, 1697462704033, 1697462704127]"
560,233,19,[],200,EleutherAI/gpt-neox-20b,32,1,1454.0,1.0,4,T4,1697462694936,1697462696390.0,120,6.0,1.0,"[14, 1440]","[1697462694950, 1697462696390]"
561,251,20,[],200,EleutherAI/gpt-neox-20b,32,1,1593.0,1.0,4,T4,1697462702936,1697462704529.0,120,31.0,1.0,"[14, 1579]","[1697462702950, 1697462704529]"
562,75,21,[],200,EleutherAI/gpt-neox-20b,32,1,4072.0,1.0,4,T4,1697462704530,1697462708602.0,120,345.0,18.0,"[15, 1186, 109, 95, 105, 93, 92, 92, 524, 97, 96, 103, 90, 98, 971, 95, 107, 104]","[1697462704545, 1697462705731, 1697462705840, 1697462705935, 1697462706040, 1697462706133, 1697462706225, 1697462706317, 1697462706841, 1697462706938, 1697462707034, 1697462707137, 1697462707227, 1697462707325, 1697462708296, 1697462708391, 1697462708498, 1697462708602]"
563,715,7,[],200,EleutherAI/gpt-neox-20b,32,1,1442.0,1.0,4,T4,1697462652050,1697462653492.0,120,20.0,1.0,"[15, 1426]","[1697462652065, 1697462653491]"
564,56,20,[],200,EleutherAI/gpt-neox-20b,32,1,6540.0,1.0,4,T4,1697462696393,1697462702933.0,120,86.0,20.0,"[16, 3385, 96, 107, 111, 99, 94, 106, 695, 108, 103, 91, 90, 89, 101, 100, 88, 88, 879, 94]","[1697462696409, 1697462699794, 1697462699890, 1697462699997, 1697462700108, 1697462700207, 1697462700301, 1697462700407, 1697462701102, 1697462701210, 1697462701313, 1697462701404, 1697462701494, 1697462701583, 1697462701684, 1697462701784, 1697462701872, 1697462701960, 1697462702839, 1697462702933]"
565,540,8,[],200,EleutherAI/gpt-neox-20b,32,1,2059.0,1.0,4,T4,1697462653494,1697462655553.0,120,140.0,5.0,"[16, 1743, 105, 104, 91]","[1697462653510, 1697462655253, 1697462655358, 1697462655462, 1697462655553]"
566,369,9,[],200,EleutherAI/gpt-neox-20b,32,1,4841.0,1.0,4,T4,1697462655554,1697462660395.0,120,216.0,15.0,"[5, 2845, 99, 97, 98, 114, 107, 94, 94, 769, 114, 110, 95, 94, 106]","[1697462655559, 1697462658404, 1697462658503, 1697462658600, 1697462658698, 1697462658812, 1697462658919, 1697462659013, 1697462659107, 1697462659876, 1697462659990, 1697462660100, 1697462660195, 1697462660289, 1697462660395]"
567,99,22,[],200,EleutherAI/gpt-neox-20b,32,1,1501.0,1.0,4,T4,1697462704129,1697462705630.0,120,10.0,1.0,"[14, 1487]","[1697462704143, 1697462705630]"
568,702,26,[],200,EleutherAI/gpt-neox-20b,32,1,7886.0,1.0,4,T4,1697462714953,1697462722839.0,120,89.0,20.0,"[16, 5147, 82, 81, 82, 452, 83, 84, 86, 229, 193, 97, 83, 85, 81, 82, 84, 87, 660, 92]","[1697462714969, 1697462720116, 1697462720198, 1697462720279, 1697462720361, 1697462720813, 1697462720896, 1697462720980, 1697462721066, 1697462721295, 1697462721488, 1697462721585, 1697462721668, 1697462721753, 1697462721834, 1697462721916, 1697462722000, 1697462722087, 1697462722747, 1697462722839]"
569,663,19,[],200,EleutherAI/gpt-neox-20b,32,1,6230.0,1.0,4,T4,1697462695730,1697462701960.0,120,79.0,20.0,"[19, 3328, 103, 614, 96, 108, 110, 99, 95, 106, 694, 108, 103, 91, 90, 89, 101, 100, 88, 88]","[1697462695749, 1697462699077, 1697462699180, 1697462699794, 1697462699890, 1697462699998, 1697462700108, 1697462700207, 1697462700302, 1697462700408, 1697462701102, 1697462701210, 1697462701313, 1697462701404, 1697462701494, 1697462701583, 1697462701684, 1697462701784, 1697462701872, 1697462701960]"
570,853,23,[],200,EleutherAI/gpt-neox-20b,32,1,5911.0,1.0,4,T4,1697462705633,1697462711544.0,120,364.0,22.0,"[17, 2543, 103, 95, 107, 104, 103, 101, 795, 90, 90, 90, 90, 90, 91, 653, 103, 190, 90, 89, 89, 101, 87]","[1697462705650, 1697462708193, 1697462708296, 1697462708391, 1697462708498, 1697462708602, 1697462708705, 1697462708806, 1697462709601, 1697462709691, 1697462709781, 1697462709871, 1697462709961, 1697462710051, 1697462710142, 1697462710795, 1697462710898, 1697462711088, 1697462711178, 1697462711267, 1697462711356, 1697462711457, 1697462711544]"
571,343,18,[],200,EleutherAI/gpt-neox-20b,32,1,5035.0,1.0,4,T4,1697462706322,1697462711357.0,120,84.0,20.0,"[14, 1960, 95, 107, 104, 103, 101, 795, 90, 90, 90, 90, 90, 91, 653, 103, 190, 90, 89, 90]","[1697462706336, 1697462708296, 1697462708391, 1697462708498, 1697462708602, 1697462708705, 1697462708806, 1697462709601, 1697462709691, 1697462709781, 1697462709871, 1697462709961, 1697462710051, 1697462710142, 1697462710795, 1697462710898, 1697462711088, 1697462711178, 1697462711267, 1697462711357]"
572,491,20,[],200,EleutherAI/gpt-neox-20b,32,1,1580.0,1.0,4,T4,1697462701963,1697462703543.0,120,14.0,1.0,"[7, 1573]","[1697462701970, 1697462703543]"
573,821,16,[],200,EleutherAI/gpt-neox-20b,32,1,6056.0,1.0,4,T4,1697462668603,1697462674659.0,120,85.0,20.0,"[14, 4580, 98, 79, 79, 79, 79, 78, 79, 79, 93, 80, 79, 83, 81, 80, 79, 79, 79, 79]","[1697462668617, 1697462673197, 1697462673295, 1697462673374, 1697462673453, 1697462673532, 1697462673611, 1697462673689, 1697462673768, 1697462673847, 1697462673940, 1697462674020, 1697462674099, 1697462674182, 1697462674263, 1697462674343, 1697462674422, 1697462674501, 1697462674580, 1697462674659]"
574,168,19,[],408,EleutherAI/gpt-neox-20b,32,1,,,4,T4,1697462711368,,120,,,"[14, 3237, 84, 82, 82, 82, 96, 86, 204, 82, 94, 81, 81, 81, 783, 83, 85, 88, 90, 84, 204, 84, 83, 85, 97, 83, 83, 96, 82, 82, 81, 81, 82, 580, 190, 83, 82, 83, 83, 96, 94, 81, 83, 84, 387, 82, 81, 82, 452, 83, 84, 85, 230, 193, 97, 83, 85, 80, 83, 85, 86, 660, 92, 102, 91, 93, 90, 89, 89, 755, 92, 104, 90, 91, 89, 90, 90, 90, 695, 93, 100, 655, 115, 102, 95, 94, 92, 91, 92, 105, 223, 111, 90, 103, 601, 94, 93, 107, 104, 89, 668, 101, 98, 91, 91, 90, 91, 103, 91, 90, 279, 92, 92, 102, 89, 88, 90, 88, 91, 748, 90, 77, 77, 86, 75, 75, 81, 72, 354, 80, 88, 74, 76, 74, 75, 75, 77, 75, 83, 74, 76, 75, 73, 73, 73, 73, 73, 73, 73, 83, 76, 74, 73, 74, 75, 74, 74, 73, 73, 72, 73, 74, 73, 73, 75, 73, 75, 73, 74, 75, 73, 74, 73, 73, 74, 74, 74, 74, 75, 75, 73, 75, 75, 74, 74, 74, 74, 74, 74, 74, 74, 75, 76, 84, 74, 75, 74, 75, 75]","[1697462711382, 1697462714619, 1697462714703, 1697462714785, 1697462714867, 1697462714949, 1697462715045, 1697462715131, 1697462715335, 1697462715417, 1697462715511, 1697462715592, 1697462715673, 1697462715754, 1697462716537, 1697462716620, 1697462716705, 1697462716793, 1697462716883, 1697462716967, 1697462717171, 1697462717255, 1697462717338, 1697462717423, 1697462717520, 1697462717603, 1697462717686, 1697462717782, 1697462717864, 1697462717946, 1697462718027, 1697462718108, 1697462718190, 1697462718770, 1697462718960, 1697462719043, 1697462719125, 1697462719208, 1697462719291, 1697462719387, 1697462719481, 1697462719562, 1697462719645, 1697462719729, 1697462720116, 1697462720198, 1697462720279, 1697462720361, 1697462720813, 1697462720896, 1697462720980, 1697462721065, 1697462721295, 1697462721488, 1697462721585, 1697462721668, 1697462721753, 1697462721833, 1697462721916, 1697462722001, 1697462722087, 1697462722747, 1697462722839, 1697462722941, 1697462723032, 1697462723125, 1697462723215, 1697462723304, 1697462723393, 1697462724148, 1697462724240, 1697462724344, 1697462724434, 1697462724525, 1697462724614, 1697462724704, 1697462724794, 1697462724884, 1697462725579, 1697462725672, 1697462725772, 1697462726427, 1697462726542, 1697462726644, 1697462726739, 1697462726833, 1697462726925, 1697462727016, 1697462727108, 1697462727213, 1697462727436, 1697462727547, 1697462727637, 1697462727740, 1697462728341, 1697462728435, 1697462728528, 1697462728635, 1697462728739, 1697462728828, 1697462729496, 1697462729597, 1697462729695, 1697462729786, 1697462729877, 1697462729967, 1697462730058, 1697462730161, 1697462730252, 1697462730342, 1697462730621, 1697462730713, 1697462730805, 1697462730907, 1697462730996, 1697462731084, 1697462731174, 1697462731262, 1697462731353, 1697462732101, 1697462732191, 1697462732268, 1697462732345, 1697462732431, 1697462732506, 1697462732581, 1697462732662, 1697462732734, 1697462733088, 1697462733168, 1697462733256, 1697462733330, 1697462733406, 1697462733480, 1697462733555, 1697462733630, 1697462733707, 1697462733782, 1697462733865, 1697462733939, 1697462734015, 1697462734090, 1697462734163, 1697462734236, 1697462734309, 1697462734382, 1697462734455, 1697462734528, 1697462734601, 1697462734684, 1697462734760, 1697462734834, 1697462734907, 1697462734981, 1697462735056, 1697462735130, 1697462735204, 1697462735277, 1697462735350, 1697462735422, 1697462735495, 1697462735569, 1697462735642, 1697462735715, 1697462735790, 1697462735863, 1697462735938, 1697462736011, 1697462736085, 1697462736160, 1697462736233, 1697462736307, 1697462736380, 1697462736453, 1697462736527, 1697462736601, 1697462736675, 1697462736749, 1697462736824, 1697462736899, 1697462736972, 1697462737047, 1697462737122, 1697462737196, 1697462737270, 1697462737344, 1697462737418, 1697462737492, 1697462737566, 1697462737640, 1697462737714, 1697462737789, 1697462737865, 1697462737949, 1697462738023, 1697462738098, 1697462738172, 1697462738247, 1697462738322]"
575,461,17,[],200,EleutherAI/gpt-neox-20b,32,1,10622.0,1.0,4,T4,1697462679526,1697462690148.0,120,216.0,30.0,"[15, 5308, 89, 100, 81, 88, 89, 89, 88, 373, 97, 394, 104, 88, 911, 99, 753, 96, 95, 96, 106, 91, 101, 88, 88, 89, 88, 92, 736, 90]","[1697462679541, 1697462684849, 1697462684938, 1697462685038, 1697462685119, 1697462685207, 1697462685296, 1697462685385, 1697462685473, 1697462685846, 1697462685943, 1697462686337, 1697462686441, 1697462686529, 1697462687440, 1697462687539, 1697462688292, 1697462688388, 1697462688483, 1697462688579, 1697462688685, 1697462688776, 1697462688877, 1697462688965, 1697462689053, 1697462689142, 1697462689230, 1697462689322, 1697462690058, 1697462690148]"
576,286,18,[],200,EleutherAI/gpt-neox-20b,32,1,5671.0,1.0,4,T4,1697462690153,1697462695824.0,120,161.0,12.0,"[12, 3600, 94, 106, 92, 91, 502, 104, 89, 89, 94, 798]","[1697462690165, 1697462693765, 1697462693859, 1697462693965, 1697462694057, 1697462694148, 1697462694650, 1697462694754, 1697462694843, 1697462694932, 1697462695026, 1697462695824]"
577,114,19,[],200,EleutherAI/gpt-neox-20b,32,1,6133.0,1.0,4,T4,1697462695827,1697462701960.0,120,88.0,20.0,"[12, 3238, 103, 614, 96, 108, 110, 99, 95, 106, 694, 108, 103, 91, 90, 89, 101, 100, 88, 88]","[1697462695839, 1697462699077, 1697462699180, 1697462699794, 1697462699890, 1697462699998, 1697462700108, 1697462700207, 1697462700302, 1697462700408, 1697462701102, 1697462701210, 1697462701313, 1697462701404, 1697462701494, 1697462701583, 1697462701684, 1697462701784, 1697462701872, 1697462701960]"
578,646,17,[],200,EleutherAI/gpt-neox-20b,32,1,5485.0,1.0,4,T4,1697462674663,1697462680148.0,120,14.0,1.0,"[9, 5476]","[1697462674672, 1697462680148]"
579,689,24,[],200,EleutherAI/gpt-neox-20b,32,1,2540.0,1.0,4,T4,1697462711549,1697462714089.0,120,15.0,1.0,"[5, 2535]","[1697462711554, 1697462714089]"
580,55,20,[],200,EleutherAI/gpt-neox-20b,32,1,1580.0,1.0,4,T4,1697462701964,1697462703544.0,120,12.0,1.0,"[14, 1565]","[1697462701978, 1697462703543]"
581,815,21,[],200,EleutherAI/gpt-neox-20b,32,1,2389.0,1.0,4,T4,1697462703546,1697462705935.0,120,52.0,4.0,"[15, 2170, 109, 95]","[1697462703561, 1697462705731, 1697462705840, 1697462705935]"
582,629,25,[],408,EleutherAI/gpt-neox-20b,32,1,,,4,T4,1697462714099,,120,,,"[9, 6705, 83, 84, 86, 229, 193, 97, 83, 85, 81, 82, 84, 87, 661, 90, 103, 91, 93, 90, 89, 89, 754, 93, 104, 91, 90, 89, 90, 90, 90, 695, 92, 101, 655, 116, 101, 95, 94, 91, 92, 92, 105, 223, 111, 90, 103, 601, 94, 93, 107, 104, 89, 668, 101, 98, 91, 91, 90, 91, 103, 91, 90, 279, 92, 92, 102, 89, 88, 90, 88, 92, 747, 90, 77, 77, 86, 75, 75, 80, 74, 353, 80, 88, 74, 76, 74, 75, 75, 77, 75, 83, 74, 76, 75, 73, 73, 73, 73, 73, 73, 73, 83, 76, 74, 74, 73, 75, 74, 74, 73, 73, 72, 73, 74, 73, 73, 75, 73, 74, 74, 74, 75, 73, 74, 73, 73, 74, 74, 74, 74, 75, 75, 73, 75, 75, 74, 74, 74, 74, 74, 74, 74, 74, 75, 76, 84, 74, 75, 74, 75, 75]","[1697462714108, 1697462720813, 1697462720896, 1697462720980, 1697462721066, 1697462721295, 1697462721488, 1697462721585, 1697462721668, 1697462721753, 1697462721834, 1697462721916, 1697462722000, 1697462722087, 1697462722748, 1697462722838, 1697462722941, 1697462723032, 1697462723125, 1697462723215, 1697462723304, 1697462723393, 1697462724147, 1697462724240, 1697462724344, 1697462724435, 1697462724525, 1697462724614, 1697462724704, 1697462724794, 1697462724884, 1697462725579, 1697462725671, 1697462725772, 1697462726427, 1697462726543, 1697462726644, 1697462726739, 1697462726833, 1697462726924, 1697462727016, 1697462727108, 1697462727213, 1697462727436, 1697462727547, 1697462727637, 1697462727740, 1697462728341, 1697462728435, 1697462728528, 1697462728635, 1697462728739, 1697462728828, 1697462729496, 1697462729597, 1697462729695, 1697462729786, 1697462729877, 1697462729967, 1697462730058, 1697462730161, 1697462730252, 1697462730342, 1697462730621, 1697462730713, 1697462730805, 1697462730907, 1697462730996, 1697462731084, 1697462731174, 1697462731262, 1697462731354, 1697462732101, 1697462732191, 1697462732268, 1697462732345, 1697462732431, 1697462732506, 1697462732581, 1697462732661, 1697462732735, 1697462733088, 1697462733168, 1697462733256, 1697462733330, 1697462733406, 1697462733480, 1697462733555, 1697462733630, 1697462733707, 1697462733782, 1697462733865, 1697462733939, 1697462734015, 1697462734090, 1697462734163, 1697462734236, 1697462734309, 1697462734382, 1697462734455, 1697462734528, 1697462734601, 1697462734684, 1697462734760, 1697462734834, 1697462734908, 1697462734981, 1697462735056, 1697462735130, 1697462735204, 1697462735277, 1697462735350, 1697462735422, 1697462735495, 1697462735569, 1697462735642, 1697462735715, 1697462735790, 1697462735863, 1697462735937, 1697462736011, 1697462736085, 1697462736160, 1697462736233, 1697462736307, 1697462736380, 1697462736453, 1697462736527, 1697462736601, 1697462736675, 1697462736749, 1697462736824, 1697462736899, 1697462736972, 1697462737047, 1697462737122, 1697462737196, 1697462737270, 1697462737344, 1697462737418, 1697462737492, 1697462737566, 1697462737640, 1697462737714, 1697462737789, 1697462737865, 1697462737949, 1697462738023, 1697462738098, 1697462738172, 1697462738247, 1697462738322]"
583,590,18,[],200,EleutherAI/gpt-neox-20b,32,1,5323.0,1.0,4,T4,1697462680151,1697462685474.0,120,88.0,20.0,"[6, 2851, 89, 89, 89, 96, 251, 99, 82, 84, 88, 80, 794, 89, 100, 81, 88, 89, 89, 88]","[1697462680157, 1697462683008, 1697462683097, 1697462683186, 1697462683275, 1697462683371, 1697462683622, 1697462683721, 1697462683803, 1697462683887, 1697462683975, 1697462684055, 1697462684849, 1697462684938, 1697462685038, 1697462685119, 1697462685207, 1697462685296, 1697462685385, 1697462685473]"
584,272,20,[],200,EleutherAI/gpt-neox-20b,32,1,5564.0,1.0,4,T4,1697462702935,1697462708499.0,120,86.0,20.0,"[12, 1683, 109, 92, 900, 109, 95, 105, 93, 92, 92, 525, 96, 95, 104, 90, 98, 971, 95, 107]","[1697462702947, 1697462704630, 1697462704739, 1697462704831, 1697462705731, 1697462705840, 1697462705935, 1697462706040, 1697462706133, 1697462706225, 1697462706317, 1697462706842, 1697462706938, 1697462707033, 1697462707137, 1697462707227, 1697462707325, 1697462708296, 1697462708391, 1697462708498]"
585,316,21,[],200,EleutherAI/gpt-neox-20b,32,1,5261.0,1.0,4,T4,1697462703546,1697462708807.0,120,86.0,20.0,"[6, 2179, 109, 95, 105, 93, 92, 92, 525, 96, 95, 104, 90, 98, 971, 95, 107, 104, 103, 101]","[1697462703552, 1697462705731, 1697462705840, 1697462705935, 1697462706040, 1697462706133, 1697462706225, 1697462706317, 1697462706842, 1697462706938, 1697462707033, 1697462707137, 1697462707227, 1697462707325, 1697462708296, 1697462708391, 1697462708498, 1697462708602, 1697462708705, 1697462708806]"
586,415,19,[],200,EleutherAI/gpt-neox-20b,32,1,7147.0,1.0,4,T4,1697462685477,1697462692624.0,120,109.0,29.0,"[16, 2799, 96, 95, 96, 106, 91, 101, 88, 88, 89, 88, 92, 736, 90, 94, 497, 101, 94, 700, 106, 92, 92, 94, 91, 92, 92, 235, 96]","[1697462685493, 1697462688292, 1697462688388, 1697462688483, 1697462688579, 1697462688685, 1697462688776, 1697462688877, 1697462688965, 1697462689053, 1697462689142, 1697462689230, 1697462689322, 1697462690058, 1697462690148, 1697462690242, 1697462690739, 1697462690840, 1697462690934, 1697462691634, 1697462691740, 1697462691832, 1697462691924, 1697462692018, 1697462692109, 1697462692201, 1697462692293, 1697462692528, 1697462692624]"
587,264,26,[],200,EleutherAI/gpt-neox-20b,32,1,5448.0,1.0,4,T4,1697462701586,1697462707034.0,120,86.0,20.0,"[13, 2043, 95, 94, 106, 96, 94, 503, 109, 91, 901, 109, 95, 105, 93, 92, 92, 525, 96, 96]","[1697462701599, 1697462703642, 1697462703737, 1697462703831, 1697462703937, 1697462704033, 1697462704127, 1697462704630, 1697462704739, 1697462704830, 1697462705731, 1697462705840, 1697462705935, 1697462706040, 1697462706133, 1697462706225, 1697462706317, 1697462706842, 1697462706938, 1697462707034]"
588,646,22,[],200,EleutherAI/gpt-neox-20b,32,1,801.0,1.0,4,T4,1697462705939,1697462706740.0,120,14.0,1.0,"[14, 787]","[1697462705953, 1697462706740]"
589,268,22,[],200,EleutherAI/gpt-neox-20b,32,1,3778.0,1.0,4,T4,1697462708810,1697462712588.0,120,19.0,1.0,"[19, 3759]","[1697462708829, 1697462712588]"
590,93,23,[],200,EleutherAI/gpt-neox-20b,32,1,5599.0,1.0,4,T4,1697462712591,1697462718190.0,120,88.0,20.0,"[19, 3926, 84, 85, 88, 90, 84, 204, 84, 83, 85, 97, 83, 83, 96, 82, 82, 81, 81, 82]","[1697462712610, 1697462716536, 1697462716620, 1697462716705, 1697462716793, 1697462716883, 1697462716967, 1697462717171, 1697462717255, 1697462717338, 1697462717423, 1697462717520, 1697462717603, 1697462717686, 1697462717782, 1697462717864, 1697462717946, 1697462718027, 1697462718108, 1697462718190]"
591,471,23,[],200,EleutherAI/gpt-neox-20b,32,1,4614.0,1.0,4,T4,1697462706743,1697462711357.0,120,86.0,20.0,"[14, 1539, 95, 107, 104, 103, 101, 795, 90, 90, 90, 90, 90, 91, 653, 103, 190, 90, 89, 90]","[1697462706757, 1697462708296, 1697462708391, 1697462708498, 1697462708602, 1697462708705, 1697462708806, 1697462709601, 1697462709691, 1697462709781, 1697462709871, 1697462709961, 1697462710051, 1697462710142, 1697462710795, 1697462710898, 1697462711088, 1697462711178, 1697462711267, 1697462711357]"
592,851,24,[],200,EleutherAI/gpt-neox-20b,32,1,4456.0,1.0,4,T4,1697462718195,1697462722651.0,120,23.0,1.0,"[18, 4437]","[1697462718213, 1697462722650]"
593,676,25,[],200,EleutherAI/gpt-neox-20b,32,1,2829.0,1.0,4,T4,1697462722655,1697462725484.0,120,19.0,1.0,"[18, 2811]","[1697462722673, 1697462725484]"
594,622,26,[],200,EleutherAI/gpt-neox-20b,32,1,842.0,1.0,4,T4,1697462725486,1697462726328.0,120,20.0,1.0,"[27, 815]","[1697462725513, 1697462726328]"
595,450,27,[],200,EleutherAI/gpt-neox-20b,32,1,4476.0,1.0,4,T4,1697462726329,1697462730805.0,120,91.0,20.0,"[13, 1999, 94, 93, 107, 104, 89, 668, 101, 98, 91, 91, 90, 91, 103, 91, 90, 278, 93, 92]","[1697462726342, 1697462728341, 1697462728435, 1697462728528, 1697462728635, 1697462728739, 1697462728828, 1697462729496, 1697462729597, 1697462729695, 1697462729786, 1697462729877, 1697462729967, 1697462730058, 1697462730161, 1697462730252, 1697462730342, 1697462730620, 1697462730713, 1697462730805]"
596,99,27,[],200,EleutherAI/gpt-neox-20b,32,1,1155.0,1.0,4,T4,1697462707038,1697462708193.0,120,10.0,1.0,"[19, 1136]","[1697462707057, 1697462708193]"
597,853,28,[],200,EleutherAI/gpt-neox-20b,32,1,5528.0,1.0,4,T4,1697462708196,1697462713724.0,120,364.0,22.0,"[13, 2586, 103, 190, 90, 89, 89, 101, 87, 94, 94, 82, 79, 789, 299, 98, 83, 83, 82, 210, 86, 100]","[1697462708209, 1697462710795, 1697462710898, 1697462711088, 1697462711178, 1697462711267, 1697462711356, 1697462711457, 1697462711544, 1697462711638, 1697462711732, 1697462711814, 1697462711893, 1697462712682, 1697462712981, 1697462713079, 1697462713162, 1697462713245, 1697462713327, 1697462713537, 1697462713623, 1697462713723]"
598,317,26,[],200,EleutherAI/gpt-neox-20b,32,1,8924.0,1.0,4,T4,1697462724244,1697462733168.0,120,244.0,50.0,"[6, 2177, 116, 101, 95, 94, 91, 92, 92, 105, 223, 111, 90, 103, 601, 94, 93, 107, 104, 89, 668, 101, 98, 91, 91, 90, 91, 103, 91, 90, 279, 92, 92, 102, 89, 88, 90, 88, 92, 747, 90, 77, 77, 86, 75, 75, 81, 72, 354, 80]","[1697462724250, 1697462726427, 1697462726543, 1697462726644, 1697462726739, 1697462726833, 1697462726924, 1697462727016, 1697462727108, 1697462727213, 1697462727436, 1697462727547, 1697462727637, 1697462727740, 1697462728341, 1697462728435, 1697462728528, 1697462728635, 1697462728739, 1697462728828, 1697462729496, 1697462729597, 1697462729695, 1697462729786, 1697462729877, 1697462729967, 1697462730058, 1697462730161, 1697462730252, 1697462730342, 1697462730621, 1697462730713, 1697462730805, 1697462730907, 1697462730996, 1697462731084, 1697462731174, 1697462731262, 1697462731354, 1697462732101, 1697462732191, 1697462732268, 1697462732345, 1697462732431, 1697462732506, 1697462732581, 1697462732662, 1697462732734, 1697462733088, 1697462733168]"
599,193,10,[],200,EleutherAI/gpt-neox-20b,32,1,5536.0,1.0,4,T4,1697462660398,1697462665934.0,120,79.0,20.0,"[18, 1992, 104, 100, 1024, 110, 97, 96, 108, 107, 93, 90, 608, 99, 97, 96, 111, 108, 93, 385]","[1697462660416, 1697462662408, 1697462662512, 1697462662612, 1697462663636, 1697462663746, 1697462663843, 1697462663939, 1697462664047, 1697462664154, 1697462664247, 1697462664337, 1697462664945, 1697462665044, 1697462665141, 1697462665237, 1697462665348, 1697462665456, 1697462665549, 1697462665934]"
600,416,24,[],200,EleutherAI/gpt-neox-20b,32,1,9001.0,1.0,4,T4,1697462711360,1697462720361.0,120,286.0,50.0,"[15, 2804, 82, 358, 84, 82, 82, 82, 96, 86, 204, 82, 93, 82, 81, 81, 783, 83, 85, 88, 90, 84, 204, 84, 83, 85, 96, 84, 83, 96, 82, 82, 81, 81, 82, 580, 190, 83, 82, 83, 83, 96, 94, 81, 83, 84, 387, 82, 81, 82]","[1697462711375, 1697462714179, 1697462714261, 1697462714619, 1697462714703, 1697462714785, 1697462714867, 1697462714949, 1697462715045, 1697462715131, 1697462715335, 1697462715417, 1697462715510, 1697462715592, 1697462715673, 1697462715754, 1697462716537, 1697462716620, 1697462716705, 1697462716793, 1697462716883, 1697462716967, 1697462717171, 1697462717255, 1697462717338, 1697462717423, 1697462717519, 1697462717603, 1697462717686, 1697462717782, 1697462717864, 1697462717946, 1697462718027, 1697462718108, 1697462718190, 1697462718770, 1697462718960, 1697462719043, 1697462719125, 1697462719208, 1697462719291, 1697462719387, 1697462719481, 1697462719562, 1697462719645, 1697462719729, 1697462720116, 1697462720198, 1697462720279, 1697462720361]"
601,682,29,[],200,EleutherAI/gpt-neox-20b,32,1,13910.0,1.0,4,T4,1697462713727,1697462727637.0,120,244.0,50.0,"[6, 6383, 82, 81, 82, 452, 83, 84, 86, 229, 193, 97, 83, 85, 81, 82, 84, 87, 660, 92, 102, 91, 93, 90, 89, 89, 755, 92, 104, 91, 90, 89, 90, 90, 90, 695, 92, 101, 655, 116, 101, 95, 94, 91, 92, 92, 105, 223, 111, 90]","[1697462713733, 1697462720116, 1697462720198, 1697462720279, 1697462720361, 1697462720813, 1697462720896, 1697462720980, 1697462721066, 1697462721295, 1697462721488, 1697462721585, 1697462721668, 1697462721753, 1697462721834, 1697462721916, 1697462722000, 1697462722087, 1697462722747, 1697462722839, 1697462722941, 1697462723032, 1697462723125, 1697462723215, 1697462723304, 1697462723393, 1697462724148, 1697462724240, 1697462724344, 1697462724435, 1697462724525, 1697462724614, 1697462724704, 1697462724794, 1697462724884, 1697462725579, 1697462725671, 1697462725772, 1697462726427, 1697462726543, 1697462726644, 1697462726739, 1697462726833, 1697462726924, 1697462727016, 1697462727108, 1697462727213, 1697462727436, 1697462727547, 1697462727637]"
602,161,15,[],200,EleutherAI/gpt-neox-20b,32,1,3609.0,1.0,4,T4,1697462694151,1697462697760.0,120,109.0,7.0,"[12, 2323, 106, 101, 94, 79, 894]","[1697462694163, 1697462696486, 1697462696592, 1697462696693, 1697462696787, 1697462696866, 1697462697760]"
603,110,16,[],200,EleutherAI/gpt-neox-20b,32,1,2236.0,1.0,4,T4,1697462697762,1697462699998.0,120,96.0,4.0,"[6, 2026, 96, 108]","[1697462697768, 1697462699794, 1697462699890, 1697462699998]"
604,863,17,[],200,EleutherAI/gpt-neox-20b,32,1,999.0,1.0,4,T4,1697462700001,1697462701000.0,120,10.0,1.0,"[13, 986]","[1697462700014, 1697462701000]"
605,140,11,[],200,EleutherAI/gpt-neox-20b,32,1,4390.0,1.0,4,T4,1697462665937,1697462670327.0,120,96.0,20.0,"[16, 2647, 105, 198, 91, 91, 88, 100, 87, 88, 88, 88, 90, 88, 88, 90, 98, 84, 82, 83]","[1697462665953, 1697462668600, 1697462668705, 1697462668903, 1697462668994, 1697462669085, 1697462669173, 1697462669273, 1697462669360, 1697462669448, 1697462669536, 1697462669624, 1697462669714, 1697462669802, 1697462669890, 1697462669980, 1697462670078, 1697462670162, 1697462670244, 1697462670327]"
606,694,18,[],200,EleutherAI/gpt-neox-20b,32,1,4930.0,1.0,4,T4,1697462701005,1697462705935.0,120,161.0,13.0,"[17, 2620, 95, 93, 108, 95, 94, 503, 109, 91, 901, 109, 95]","[1697462701022, 1697462703642, 1697462703737, 1697462703830, 1697462703938, 1697462704033, 1697462704127, 1697462704630, 1697462704739, 1697462704830, 1697462705731, 1697462705840, 1697462705935]"
607,832,22,[],200,EleutherAI/gpt-neox-20b,32,1,3985.0,1.0,4,T4,1697462708603,1697462712588.0,120,15.0,1.0,"[6, 3979]","[1697462708609, 1697462712588]"
608,432,16,[],200,EleutherAI/gpt-neox-20b,32,1,1486.0,1.0,4,T4,1697462684754,1697462686240.0,120,13.0,1.0,"[9, 1477]","[1697462684763, 1697462686240]"
609,373,17,[],200,EleutherAI/gpt-neox-20b,32,1,1950.0,1.0,4,T4,1697462686242,1697462688192.0,120,15.0,1.0,"[5, 1945]","[1697462686247, 1697462688192]"
610,180,18,[],200,EleutherAI/gpt-neox-20b,32,1,4100.0,1.0,4,T4,1697462688193,1697462692293.0,120,123.0,12.0,"[13, 2532, 102, 95, 699, 106, 92, 92, 94, 91, 92, 92]","[1697462688206, 1697462690738, 1697462690840, 1697462690935, 1697462691634, 1697462691740, 1697462691832, 1697462691924, 1697462692018, 1697462692109, 1697462692201, 1697462692293]"
611,68,22,[],200,EleutherAI/gpt-neox-20b,32,1,1657.0,1.0,4,T4,1697462725673,1697462727330.0,120,12.0,1.0,"[9, 1647]","[1697462725682, 1697462727329]"
612,774,23,[],200,EleutherAI/gpt-neox-20b,32,1,3854.0,1.0,4,T4,1697462712592,1697462716446.0,120,8.0,1.0,"[22, 3832]","[1697462712614, 1697462716446]"
613,189,6,[],200,EleutherAI/gpt-neox-20b,32,1,5308.0,1.0,4,T4,1697462704834,1697462710142.0,120,88.0,20.0,"[13, 1994, 97, 96, 103, 90, 98, 971, 95, 107, 105, 102, 101, 795, 90, 90, 90, 90, 90, 91]","[1697462704847, 1697462706841, 1697462706938, 1697462707034, 1697462707137, 1697462707227, 1697462707325, 1697462708296, 1697462708391, 1697462708498, 1697462708603, 1697462708705, 1697462708806, 1697462709601, 1697462709691, 1697462709781, 1697462709871, 1697462709961, 1697462710051, 1697462710142]"
614,576,24,[],200,EleutherAI/gpt-neox-20b,32,1,4756.0,1.0,4,T4,1697462716447,1697462721203.0,120,14.0,1.0,"[15, 4741]","[1697462716462, 1697462721203]"
615,913,23,[],200,EleutherAI/gpt-neox-20b,32,1,4021.0,1.0,4,T4,1697462727333,1697462731354.0,120,88.0,20.0,"[13, 2150, 101, 98, 91, 91, 90, 91, 104, 90, 90, 279, 92, 92, 102, 89, 88, 90, 88, 92]","[1697462727346, 1697462729496, 1697462729597, 1697462729695, 1697462729786, 1697462729877, 1697462729967, 1697462730058, 1697462730162, 1697462730252, 1697462730342, 1697462730621, 1697462730713, 1697462730805, 1697462730907, 1697462730996, 1697462731084, 1697462731174, 1697462731262, 1697462731354]"
616,408,25,[],200,EleutherAI/gpt-neox-20b,32,1,4278.0,1.0,4,T4,1697462721206,1697462725484.0,120,16.0,1.0,"[15, 4262]","[1697462721221, 1697462725483]"
617,346,26,[],200,EleutherAI/gpt-neox-20b,32,1,3344.0,1.0,4,T4,1697462725485,1697462728829.0,120,85.0,20.0,"[16, 926, 116, 101, 95, 94, 91, 92, 92, 105, 223, 111, 90, 103, 602, 93, 93, 107, 104, 89]","[1697462725501, 1697462726427, 1697462726543, 1697462726644, 1697462726739, 1697462726833, 1697462726924, 1697462727016, 1697462727108, 1697462727213, 1697462727436, 1697462727547, 1697462727637, 1697462727740, 1697462728342, 1697462728435, 1697462728528, 1697462728635, 1697462728739, 1697462728828]"
618,28,19,[],200,EleutherAI/gpt-neox-20b,32,1,4824.0,1.0,4,T4,1697462689324,1697462694148.0,120,86.0,20.0,"[13, 2297, 106, 92, 92, 94, 91, 92, 92, 236, 95, 102, 88, 98, 87, 766, 93, 107, 92, 91]","[1697462689337, 1697462691634, 1697462691740, 1697462691832, 1697462691924, 1697462692018, 1697462692109, 1697462692201, 1697462692293, 1697462692529, 1697462692624, 1697462692726, 1697462692814, 1697462692912, 1697462692999, 1697462693765, 1697462693858, 1697462693965, 1697462694057, 1697462694148]"
619,530,27,[],200,EleutherAI/gpt-neox-20b,32,1,2641.0,1.0,4,T4,1697462722843,1697462725484.0,120,26.0,1.0,"[13, 2628]","[1697462722856, 1697462725484]"
620,359,28,[],200,EleutherAI/gpt-neox-20b,32,1,841.0,1.0,4,T4,1697462725487,1697462726328.0,120,10.0,1.0,"[21, 820]","[1697462725508, 1697462726328]"
621,301,29,[],200,EleutherAI/gpt-neox-20b,32,1,6838.0,1.0,4,T4,1697462726330,1697462733168.0,120,109.0,31.0,"[18, 3148, 101, 98, 91, 91, 90, 91, 103, 91, 90, 279, 92, 92, 102, 89, 88, 90, 88, 91, 838, 77, 77, 86, 75, 75, 81, 72, 354, 80]","[1697462726348, 1697462729496, 1697462729597, 1697462729695, 1697462729786, 1697462729877, 1697462729967, 1697462730058, 1697462730161, 1697462730252, 1697462730342, 1697462730621, 1697462730713, 1697462730805, 1697462730907, 1697462730996, 1697462731084, 1697462731174, 1697462731262, 1697462731353, 1697462732191, 1697462732268, 1697462732345, 1697462732431, 1697462732506, 1697462732581, 1697462732662, 1697462732734, 1697462733088, 1697462733168]"
622,814,21,[],200,EleutherAI/gpt-neox-20b,32,1,5565.0,1.0,4,T4,1697462702934,1697462708499.0,120,89.0,20.0,"[12, 1684, 109, 92, 900, 109, 94, 106, 93, 92, 92, 525, 96, 95, 104, 90, 98, 971, 95, 107]","[1697462702946, 1697462704630, 1697462704739, 1697462704831, 1697462705731, 1697462705840, 1697462705934, 1697462706040, 1697462706133, 1697462706225, 1697462706317, 1697462706842, 1697462706938, 1697462707033, 1697462707137, 1697462707227, 1697462707325, 1697462708296, 1697462708391, 1697462708498]"
623,241,25,[],200,EleutherAI/gpt-neox-20b,32,1,3686.0,1.0,4,T4,1697462720365,1697462724051.0,120,19.0,1.0,"[16, 3670]","[1697462720381, 1697462724051]"
624,880,20,[],200,EleutherAI/gpt-neox-20b,32,1,2336.0,1.0,4,T4,1697462694151,1697462696487.0,120,84.0,2.0,"[14, 2321]","[1697462694165, 1697462696486]"
625,48,26,[],200,EleutherAI/gpt-neox-20b,32,1,2489.0,1.0,4,T4,1697462724054,1697462726543.0,120,6.0,6.0,"[7, 1518, 93, 100, 655, 116]","[1697462724061, 1697462725579, 1697462725672, 1697462725772, 1697462726427, 1697462726543]"
626,705,21,[],200,EleutherAI/gpt-neox-20b,32,1,7638.0,1.0,4,T4,1697462696490,1697462704128.0,120,79.0,27.0,"[16, 3288, 96, 108, 110, 99, 94, 107, 694, 108, 103, 91, 90, 89, 101, 100, 88, 88, 879, 94, 96, 613, 95, 93, 108, 95, 94]","[1697462696506, 1697462699794, 1697462699890, 1697462699998, 1697462700108, 1697462700207, 1697462700301, 1697462700408, 1697462701102, 1697462701210, 1697462701313, 1697462701404, 1697462701494, 1697462701583, 1697462701684, 1697462701784, 1697462701872, 1697462701960, 1697462702839, 1697462702933, 1697462703029, 1697462703642, 1697462703737, 1697462703830, 1697462703938, 1697462704033, 1697462704127]"
627,112,7,[],200,EleutherAI/gpt-neox-20b,32,1,2836.0,1.0,4,T4,1697462710145,1697462712981.0,120,16.0,2.0,"[12, 2824]","[1697462710157, 1697462712981]"
628,916,27,[],200,EleutherAI/gpt-neox-20b,32,1,1699.0,1.0,4,T4,1697462726544,1697462728243.0,120,8.0,1.0,"[14, 1685]","[1697462726558, 1697462728243]"
629,866,8,[],200,EleutherAI/gpt-neox-20b,32,1,6307.0,1.0,4,T4,1697462712984,1697462719291.0,120,93.0,20.0,"[14, 4173, 84, 83, 85, 96, 84, 83, 96, 82, 82, 81, 81, 82, 580, 190, 83, 82, 83, 83]","[1697462712998, 1697462717171, 1697462717255, 1697462717338, 1697462717423, 1697462717519, 1697462717603, 1697462717686, 1697462717782, 1697462717864, 1697462717946, 1697462718027, 1697462718108, 1697462718190, 1697462718770, 1697462718960, 1697462719043, 1697462719125, 1697462719208, 1697462719291]"
630,748,28,[],200,EleutherAI/gpt-neox-20b,32,1,4101.0,1.0,4,T4,1697462728244,1697462732345.0,120,182.0,14.0,"[14, 2363, 92, 92, 102, 89, 88, 90, 88, 91, 748, 90, 77, 77]","[1697462728258, 1697462730621, 1697462730713, 1697462730805, 1697462730907, 1697462730996, 1697462731084, 1697462731174, 1697462731262, 1697462731353, 1697462732101, 1697462732191, 1697462732268, 1697462732345]"
631,639,22,[],200,EleutherAI/gpt-neox-20b,32,1,4828.0,1.0,4,T4,1697462708499,1697462713327.0,120,100.0,6.0,"[15, 4467, 98, 83, 83, 82]","[1697462708514, 1697462712981, 1697462713079, 1697462713162, 1697462713245, 1697462713327]"
632,587,23,[],200,EleutherAI/gpt-neox-20b,32,1,3115.0,1.0,4,T4,1697462713331,1697462716446.0,120,13.0,1.0,"[15, 3100]","[1697462713346, 1697462716446]"
633,419,24,[],200,EleutherAI/gpt-neox-20b,32,1,9223.0,1.0,4,T4,1697462716449,1697462725672.0,120,88.0,20.0,"[21, 6277, 92, 102, 91, 93, 90, 89, 89, 754, 93, 104, 91, 90, 89, 90, 90, 90, 695, 92]","[1697462716470, 1697462722747, 1697462722839, 1697462722941, 1697462723032, 1697462723125, 1697462723215, 1697462723304, 1697462723393, 1697462724147, 1697462724240, 1697462724344, 1697462724435, 1697462724525, 1697462724614, 1697462724704, 1697462724794, 1697462724884, 1697462725579, 1697462725671]"
634,241,25,[],200,EleutherAI/gpt-neox-20b,32,1,2570.0,1.0,4,T4,1697462725674,1697462728244.0,120,19.0,1.0,"[20, 2549]","[1697462725694, 1697462728243]"
635,71,26,[],200,EleutherAI/gpt-neox-20b,32,1,5536.0,1.0,4,T4,1697462728246,1697462733782.0,120,364.0,11.0,"[18, 4824, 80, 88, 74, 76, 74, 75, 75, 77, 75]","[1697462728264, 1697462733088, 1697462733168, 1697462733256, 1697462733330, 1697462733406, 1697462733480, 1697462733555, 1697462733630, 1697462733707, 1697462733782]"
636,5,19,[],200,EleutherAI/gpt-neox-20b,32,1,6781.0,1.0,4,T4,1697462692296,1697462699077.0,120,84.0,20.0,"[12, 3516, 105, 92, 103, 91, 271, 105, 102, 94, 79, 894, 105, 92, 92, 102, 413, 96, 107, 310]","[1697462692308, 1697462695824, 1697462695929, 1697462696021, 1697462696124, 1697462696215, 1697462696486, 1697462696591, 1697462696693, 1697462696787, 1697462696866, 1697462697760, 1697462697865, 1697462697957, 1697462698049, 1697462698151, 1697462698564, 1697462698660, 1697462698767, 1697462699077]"
637,690,9,[],200,EleutherAI/gpt-neox-20b,32,1,4755.0,1.0,4,T4,1697462719296,1697462724051.0,120,39.0,1.0,"[11, 4744]","[1697462719307, 1697462724051]"
638,637,10,[],200,EleutherAI/gpt-neox-20b,32,1,4473.0,1.0,4,T4,1697462724055,1697462728528.0,120,96.0,20.0,"[14, 1510, 93, 100, 655, 116, 101, 95, 94, 92, 91, 92, 105, 223, 111, 89, 104, 601, 94, 93]","[1697462724069, 1697462725579, 1697462725672, 1697462725772, 1697462726427, 1697462726543, 1697462726644, 1697462726739, 1697462726833, 1697462726925, 1697462727016, 1697462727108, 1697462727213, 1697462727436, 1697462727547, 1697462727636, 1697462727740, 1697462728341, 1697462728435, 1697462728528]"
639,417,5,[],200,EleutherAI/gpt-neox-20b,32,1,3461.0,1.0,4,T4,1697462712985,1697462716446.0,120,17.0,1.0,"[12, 3449]","[1697462712997, 1697462716446]"
640,252,6,[],200,EleutherAI/gpt-neox-20b,32,1,9978.0,1.0,4,T4,1697462716449,1697462726427.0,120,182.0,22.0,"[17, 6282, 91, 102, 91, 93, 90, 89, 89, 755, 92, 104, 91, 90, 89, 90, 90, 90, 695, 92, 101, 655]","[1697462716466, 1697462722748, 1697462722839, 1697462722941, 1697462723032, 1697462723125, 1697462723215, 1697462723304, 1697462723393, 1697462724148, 1697462724240, 1697462724344, 1697462724435, 1697462724525, 1697462724614, 1697462724704, 1697462724794, 1697462724884, 1697462725579, 1697462725671, 1697462725772, 1697462726427]"
641,527,19,[],200,EleutherAI/gpt-neox-20b,32,1,9816.0,1.0,4,T4,1697462705938,1697462715754.0,120,732.0,50.0,"[12, 2346, 95, 108, 104, 102, 101, 795, 90, 90, 90, 90, 90, 91, 653, 103, 190, 90, 89, 89, 101, 87, 94, 94, 82, 79, 789, 299, 98, 83, 83, 82, 210, 87, 99, 456, 82, 358, 84, 82, 83, 81, 96, 86, 204, 82, 93, 82, 81, 81]","[1697462705950, 1697462708296, 1697462708391, 1697462708499, 1697462708603, 1697462708705, 1697462708806, 1697462709601, 1697462709691, 1697462709781, 1697462709871, 1697462709961, 1697462710051, 1697462710142, 1697462710795, 1697462710898, 1697462711088, 1697462711178, 1697462711267, 1697462711356, 1697462711457, 1697462711544, 1697462711638, 1697462711732, 1697462711814, 1697462711893, 1697462712682, 1697462712981, 1697462713079, 1697462713162, 1697462713245, 1697462713327, 1697462713537, 1697462713624, 1697462713723, 1697462714179, 1697462714261, 1697462714619, 1697462714703, 1697462714785, 1697462714868, 1697462714949, 1697462715045, 1697462715131, 1697462715335, 1697462715417, 1697462715510, 1697462715592, 1697462715673, 1697462715754]"
642,246,20,[],200,EleutherAI/gpt-neox-20b,32,1,11502.0,1.0,4,T4,1697462692625,1697462704127.0,120,58.0,47.0,"[5, 3194, 105, 91, 104, 91, 271, 106, 101, 94, 79, 894, 105, 92, 92, 102, 413, 96, 107, 310, 103, 614, 96, 108, 110, 99, 94, 107, 694, 108, 103, 91, 90, 89, 101, 100, 88, 88, 879, 94, 96, 613, 95, 93, 108, 95, 94]","[1697462692630, 1697462695824, 1697462695929, 1697462696020, 1697462696124, 1697462696215, 1697462696486, 1697462696592, 1697462696693, 1697462696787, 1697462696866, 1697462697760, 1697462697865, 1697462697957, 1697462698049, 1697462698151, 1697462698564, 1697462698660, 1697462698767, 1697462699077, 1697462699180, 1697462699794, 1697462699890, 1697462699998, 1697462700108, 1697462700207, 1697462700301, 1697462700408, 1697462701102, 1697462701210, 1697462701313, 1697462701404, 1697462701494, 1697462701583, 1697462701684, 1697462701784, 1697462701872, 1697462701960, 1697462702839, 1697462702933, 1697462703029, 1697462703642, 1697462703737, 1697462703830, 1697462703938, 1697462704033, 1697462704127]"
643,147,23,[],200,EleutherAI/gpt-neox-20b,32,1,5052.0,1.0,4,T4,1697462713627,1697462718679.0,120,182.0,1.0,"[15, 5036]","[1697462713642, 1697462718678]"
644,869,12,[],200,EleutherAI/gpt-neox-20b,32,1,7372.0,1.0,4,T4,1697462670330,1697462677702.0,120,244.0,12.0,"[18, 6513, 86, 96, 82, 84, 82, 82, 82, 82, 82, 83]","[1697462670348, 1697462676861, 1697462676947, 1697462677043, 1697462677125, 1697462677209, 1697462677291, 1697462677373, 1697462677455, 1697462677537, 1697462677619, 1697462677702]"
645,700,13,[],200,EleutherAI/gpt-neox-20b,32,1,11070.0,1.0,4,T4,1697462677706,1697462688776.0,120,140.0,33.0,"[12, 5290, 89, 89, 89, 96, 251, 99, 83, 83, 88, 81, 793, 89, 99, 82, 88, 89, 89, 88, 373, 97, 394, 104, 88, 911, 100, 752, 96, 95, 96, 106, 91]","[1697462677718, 1697462683008, 1697462683097, 1697462683186, 1697462683275, 1697462683371, 1697462683622, 1697462683721, 1697462683804, 1697462683887, 1697462683975, 1697462684056, 1697462684849, 1697462684938, 1697462685037, 1697462685119, 1697462685207, 1697462685296, 1697462685385, 1697462685473, 1697462685846, 1697462685943, 1697462686337, 1697462686441, 1697462686529, 1697462687440, 1697462687540, 1697462688292, 1697462688388, 1697462688483, 1697462688579, 1697462688685, 1697462688776]"
646,908,24,[],200,EleutherAI/gpt-neox-20b,32,1,11661.0,1.0,4,T4,1697462718682,1697462730343.0,120,6.0,50.0,"[15, 4050, 92, 102, 91, 93, 90, 89, 89, 755, 92, 104, 90, 91, 89, 90, 90, 90, 695, 92, 101, 655, 116, 101, 95, 94, 91, 92, 92, 105, 223, 111, 90, 103, 601, 94, 93, 107, 104, 89, 668, 101, 98, 91, 91, 90, 91, 103, 91, 90]","[1697462718697, 1697462722747, 1697462722839, 1697462722941, 1697462723032, 1697462723125, 1697462723215, 1697462723304, 1697462723393, 1697462724148, 1697462724240, 1697462724344, 1697462724434, 1697462724525, 1697462724614, 1697462724704, 1697462724794, 1697462724884, 1697462725579, 1697462725671, 1697462725772, 1697462726427, 1697462726543, 1697462726644, 1697462726739, 1697462726833, 1697462726924, 1697462727016, 1697462727108, 1697462727213, 1697462727436, 1697462727547, 1697462727637, 1697462727740, 1697462728341, 1697462728435, 1697462728528, 1697462728635, 1697462728739, 1697462728828, 1697462729496, 1697462729597, 1697462729695, 1697462729786, 1697462729877, 1697462729967, 1697462730058, 1697462730161, 1697462730252, 1697462730342]"
647,464,20,[],200,EleutherAI/gpt-neox-20b,32,1,4964.0,1.0,4,T4,1697462715759,1697462720723.0,120,12.0,1.0,"[13, 4951]","[1697462715772, 1697462720723]"
648,296,21,[],200,EleutherAI/gpt-neox-20b,32,1,4757.0,1.0,4,T4,1697462720727,1697462725484.0,120,6.0,1.0,"[15, 4742]","[1697462720742, 1697462725484]"
649,125,22,[],200,EleutherAI/gpt-neox-20b,32,1,844.0,1.0,4,T4,1697462725485,1697462726329.0,120,13.0,1.0,"[15, 828]","[1697462725500, 1697462726328]"
650,533,22,[],200,EleutherAI/gpt-neox-20b,32,1,1601.0,1.0,4,T4,1697462704130,1697462705731.0,120,216.0,2.0,"[16, 1585]","[1697462704146, 1697462705731]"
651,78,7,[],200,EleutherAI/gpt-neox-20b,32,1,4924.0,1.0,4,T4,1697462726430,1697462731354.0,120,84.0,20.0,"[10, 3056, 101, 98, 91, 91, 90, 91, 103, 91, 90, 279, 92, 92, 102, 89, 88, 90, 88, 92]","[1697462726440, 1697462729496, 1697462729597, 1697462729695, 1697462729786, 1697462729877, 1697462729967, 1697462730058, 1697462730161, 1697462730252, 1697462730342, 1697462730621, 1697462730713, 1697462730805, 1697462730907, 1697462730996, 1697462731084, 1697462731174, 1697462731262, 1697462731354]"
652,614,9,[],200,EleutherAI/gpt-neox-20b,32,1,5085.0,1.0,4,T4,1697462669984,1697462675069.0,120,15.0,1.0,"[9, 5076]","[1697462669993, 1697462675069]"
653,474,23,[],200,EleutherAI/gpt-neox-20b,32,1,6948.0,1.0,4,T4,1697462705734,1697462712682.0,120,109.0,33.0,"[6, 1102, 96, 95, 104, 90, 98, 971, 95, 107, 104, 103, 101, 795, 90, 90, 90, 90, 90, 91, 653, 103, 190, 90, 89, 89, 100, 88, 94, 94, 82, 79, 789]","[1697462705740, 1697462706842, 1697462706938, 1697462707033, 1697462707137, 1697462707227, 1697462707325, 1697462708296, 1697462708391, 1697462708498, 1697462708602, 1697462708705, 1697462708806, 1697462709601, 1697462709691, 1697462709781, 1697462709871, 1697462709961, 1697462710051, 1697462710142, 1697462710795, 1697462710898, 1697462711088, 1697462711178, 1697462711267, 1697462711356, 1697462711456, 1697462711544, 1697462711638, 1697462711732, 1697462711814, 1697462711893, 1697462712682]"
654,445,10,[],200,EleutherAI/gpt-neox-20b,32,1,6463.0,1.0,4,T4,1697462675070,1697462681533.0,120,457.0,2.0,"[7, 6456]","[1697462675077, 1697462681533]"
655,383,11,[],200,EleutherAI/gpt-neox-20b,32,1,3217.0,1.0,4,T4,1697462681536,1697462684753.0,120,15.0,1.0,"[14, 3202]","[1697462681550, 1697462684752]"
656,214,12,[],200,EleutherAI/gpt-neox-20b,32,1,6085.0,1.0,4,T4,1697462684755,1697462690840.0,120,52.0,20.0,"[18, 2667, 100, 752, 96, 95, 96, 106, 91, 101, 88, 88, 89, 88, 92, 735, 91, 94, 496, 102]","[1697462684773, 1697462687440, 1697462687540, 1697462688292, 1697462688388, 1697462688483, 1697462688579, 1697462688685, 1697462688776, 1697462688877, 1697462688965, 1697462689053, 1697462689142, 1697462689230, 1697462689322, 1697462690057, 1697462690148, 1697462690242, 1697462690738, 1697462690840]"
657,43,13,[],200,EleutherAI/gpt-neox-20b,32,1,5749.0,1.0,4,T4,1697462690843,1697462696592.0,120,732.0,8.0,"[9, 4972, 105, 91, 104, 91, 271, 106]","[1697462690852, 1697462695824, 1697462695929, 1697462696020, 1697462696124, 1697462696215, 1697462696486, 1697462696592]"
658,804,14,[],200,EleutherAI/gpt-neox-20b,32,1,1065.0,1.0,4,T4,1697462696595,1697462697660.0,120,20.0,1.0,"[9, 1056]","[1697462696604, 1697462697660]"
659,745,15,[],200,EleutherAI/gpt-neox-20b,32,1,2029.0,1.0,4,T4,1697462697664,1697462699693.0,120,17.0,1.0,"[11, 2018]","[1697462697675, 1697462699693]"
660,568,16,[],200,EleutherAI/gpt-neox-20b,32,1,1303.0,1.0,4,T4,1697462699697,1697462701000.0,120,11.0,1.0,"[16, 1287]","[1697462699713, 1697462701000]"
661,400,17,[],200,EleutherAI/gpt-neox-20b,32,1,2830.0,1.0,4,T4,1697462701001,1697462703831.0,120,123.0,7.0,"[13, 1825, 94, 96, 613, 95, 94]","[1697462701014, 1697462702839, 1697462702933, 1697462703029, 1697462703642, 1697462703737, 1697462703831]"
662,316,18,[],200,EleutherAI/gpt-neox-20b,32,1,4973.0,1.0,4,T4,1697462703834,1697462708807.0,120,86.0,20.0,"[13, 1884, 109, 95, 105, 93, 92, 92, 524, 97, 96, 103, 90, 98, 971, 95, 107, 105, 102, 101]","[1697462703847, 1697462705731, 1697462705840, 1697462705935, 1697462706040, 1697462706133, 1697462706225, 1697462706317, 1697462706841, 1697462706938, 1697462707034, 1697462707137, 1697462707227, 1697462707325, 1697462708296, 1697462708391, 1697462708498, 1697462708603, 1697462708705, 1697462708806]"
663,216,21,[],200,EleutherAI/gpt-neox-20b,32,1,6915.0,1.0,4,T4,1697462708502,1697462715417.0,120,91.0,20.0,"[12, 4467, 98, 83, 83, 82, 210, 87, 99, 456, 82, 358, 84, 82, 83, 81, 96, 86, 204, 82]","[1697462708514, 1697462712981, 1697462713079, 1697462713162, 1697462713245, 1697462713327, 1697462713537, 1697462713624, 1697462713723, 1697462714179, 1697462714261, 1697462714619, 1697462714703, 1697462714785, 1697462714868, 1697462714949, 1697462715045, 1697462715131, 1697462715335, 1697462715417]"
664,148,19,[],200,EleutherAI/gpt-neox-20b,32,1,3778.0,1.0,4,T4,1697462708810,1697462712588.0,120,16.0,1.0,"[15, 3763]","[1697462708825, 1697462712588]"
665,899,20,[],200,EleutherAI/gpt-neox-20b,32,1,5598.0,1.0,4,T4,1697462712592,1697462718190.0,120,100.0,20.0,"[22, 3923, 83, 85, 88, 90, 84, 204, 84, 83, 85, 97, 83, 83, 96, 82, 82, 81, 81, 82]","[1697462712614, 1697462716537, 1697462716620, 1697462716705, 1697462716793, 1697462716883, 1697462716967, 1697462717171, 1697462717255, 1697462717338, 1697462717423, 1697462717520, 1697462717603, 1697462717686, 1697462717782, 1697462717864, 1697462717946, 1697462718027, 1697462718108, 1697462718190]"
666,731,21,[],200,EleutherAI/gpt-neox-20b,32,1,7479.0,1.0,4,T4,1697462718193,1697462725672.0,120,89.0,20.0,"[6, 4548, 92, 102, 91, 93, 90, 89, 89, 754, 93, 104, 91, 90, 89, 90, 90, 90, 695, 93]","[1697462718199, 1697462722747, 1697462722839, 1697462722941, 1697462723032, 1697462723125, 1697462723215, 1697462723304, 1697462723393, 1697462724147, 1697462724240, 1697462724344, 1697462724435, 1697462724525, 1697462724614, 1697462724704, 1697462724794, 1697462724884, 1697462725579, 1697462725672]"
667,638,14,[],200,EleutherAI/gpt-neox-20b,32,1,5370.0,1.0,4,T4,1697462688778,1697462694148.0,120,88.0,20.0,"[15, 2841, 106, 92, 92, 94, 91, 92, 92, 236, 95, 102, 88, 98, 87, 766, 93, 107, 91, 92]","[1697462688793, 1697462691634, 1697462691740, 1697462691832, 1697462691924, 1697462692018, 1697462692109, 1697462692201, 1697462692293, 1697462692529, 1697462692624, 1697462692726, 1697462692814, 1697462692912, 1697462692999, 1697462693765, 1697462693858, 1697462693965, 1697462694056, 1697462694148]"
668,623,30,[],200,EleutherAI/gpt-neox-20b,32,1,1957.0,1.0,4,T4,1697462727640,1697462729597.0,120,140.0,3.0,"[14, 1842, 101]","[1697462727654, 1697462729496, 1697462729597]"
669,886,23,[],200,EleutherAI/gpt-neox-20b,32,1,1912.0,1.0,4,T4,1697462726332,1697462728244.0,120,17.0,1.0,"[8, 1904]","[1697462726340, 1697462728244]"
670,825,24,[],200,EleutherAI/gpt-neox-20b,32,1,3107.0,1.0,4,T4,1697462728247,1697462731354.0,120,96.0,20.0,"[19, 1230, 101, 98, 91, 91, 90, 91, 103, 91, 90, 278, 93, 92, 102, 89, 88, 90, 88, 92]","[1697462728266, 1697462729496, 1697462729597, 1697462729695, 1697462729786, 1697462729877, 1697462729967, 1697462730058, 1697462730161, 1697462730252, 1697462730342, 1697462730620, 1697462730713, 1697462730805, 1697462730907, 1697462730996, 1697462731084, 1697462731174, 1697462731262, 1697462731354]"
671,502,14,[],200,EleutherAI/gpt-neox-20b,32,1,1576.0,1.0,4,T4,1697462694151,1697462695727.0,120,19.0,1.0,"[22, 1554]","[1697462694173, 1697462695727]"
672,372,4,[],200,EleutherAI/gpt-neox-20b,32,1,6816.0,1.0,4,T4,1697462700411,1697462707227.0,120,874.0,25.0,"[13, 2415, 94, 96, 613, 95, 93, 108, 95, 94, 503, 109, 92, 900, 109, 95, 105, 93, 92, 92, 524, 97, 95, 104, 90]","[1697462700424, 1697462702839, 1697462702933, 1697462703029, 1697462703642, 1697462703737, 1697462703830, 1697462703938, 1697462704033, 1697462704127, 1697462704630, 1697462704739, 1697462704831, 1697462705731, 1697462705840, 1697462705935, 1697462706040, 1697462706133, 1697462706225, 1697462706317, 1697462706841, 1697462706938, 1697462707033, 1697462707137, 1697462707227]"
673,326,15,[],200,EleutherAI/gpt-neox-20b,32,1,4572.0,1.0,4,T4,1697462695730,1697462700302.0,120,345.0,12.0,"[16, 2818, 96, 107, 309, 104, 614, 96, 108, 110, 99, 94]","[1697462695746, 1697462698564, 1697462698660, 1697462698767, 1697462699076, 1697462699180, 1697462699794, 1697462699890, 1697462699998, 1697462700108, 1697462700207, 1697462700301]"
674,537,8,[],200,EleutherAI/gpt-neox-20b,32,1,9240.0,1.0,4,T4,1697462671665,1697462680905.0,120,83.0,20.0,"[8, 6248, 517, 83, 83, 82, 83, 85, 87, 253, 82, 84, 82, 81, 719, 298, 89, 89, 89, 97]","[1697462671673, 1697462677921, 1697462678438, 1697462678521, 1697462678604, 1697462678686, 1697462678769, 1697462678854, 1697462678941, 1697462679194, 1697462679276, 1697462679360, 1697462679442, 1697462679523, 1697462680242, 1697462680540, 1697462680629, 1697462680718, 1697462680807, 1697462680904]"
675,202,5,[],200,EleutherAI/gpt-neox-20b,32,1,14856.0,1.0,4,T4,1697462707231,1697462722087.0,120,874.0,72.0,"[12, 5439, 299, 98, 83, 83, 82, 210, 87, 99, 456, 82, 358, 84, 82, 82, 82, 96, 86, 204, 82, 93, 82, 81, 81, 782, 84, 85, 88, 90, 84, 204, 84, 83, 85, 96, 84, 83, 96, 82, 82, 81, 81, 82, 580, 190, 83, 82, 83, 83, 96, 94, 81, 83, 84, 387, 82, 81, 82, 452, 83, 84, 86, 229, 193, 97, 83, 85, 81, 82, 85, 86]","[1697462707243, 1697462712682, 1697462712981, 1697462713079, 1697462713162, 1697462713245, 1697462713327, 1697462713537, 1697462713624, 1697462713723, 1697462714179, 1697462714261, 1697462714619, 1697462714703, 1697462714785, 1697462714867, 1697462714949, 1697462715045, 1697462715131, 1697462715335, 1697462715417, 1697462715510, 1697462715592, 1697462715673, 1697462715754, 1697462716536, 1697462716620, 1697462716705, 1697462716793, 1697462716883, 1697462716967, 1697462717171, 1697462717255, 1697462717338, 1697462717423, 1697462717519, 1697462717603, 1697462717686, 1697462717782, 1697462717864, 1697462717946, 1697462718027, 1697462718108, 1697462718190, 1697462718770, 1697462718960, 1697462719043, 1697462719125, 1697462719208, 1697462719291, 1697462719387, 1697462719481, 1697462719562, 1697462719645, 1697462719729, 1697462720116, 1697462720198, 1697462720279, 1697462720361, 1697462720813, 1697462720896, 1697462720980, 1697462721066, 1697462721295, 1697462721488, 1697462721585, 1697462721668, 1697462721753, 1697462721834, 1697462721916, 1697462722001, 1697462722087]"
676,471,15,[],200,EleutherAI/gpt-neox-20b,32,1,7059.0,1.0,4,T4,1697462694151,1697462701210.0,120,86.0,20.0,"[18, 3591, 105, 92, 92, 102, 413, 96, 107, 310, 103, 614, 96, 108, 110, 99, 94, 107, 694, 108]","[1697462694169, 1697462697760, 1697462697865, 1697462697957, 1697462698049, 1697462698151, 1697462698564, 1697462698660, 1697462698767, 1697462699077, 1697462699180, 1697462699794, 1697462699890, 1697462699998, 1697462700108, 1697462700207, 1697462700301, 1697462700408, 1697462701102, 1697462701210]"
677,299,16,[],200,EleutherAI/gpt-neox-20b,32,1,1525.0,1.0,4,T4,1697462701214,1697462702739.0,120,14.0,1.0,"[12, 1513]","[1697462701226, 1697462702739]"
678,369,9,[],200,EleutherAI/gpt-neox-20b,32,1,6534.0,1.0,4,T4,1697462680906,1697462687440.0,120,216.0,15.0,"[11, 3932, 89, 99, 82, 88, 89, 89, 88, 373, 97, 394, 104, 88, 911]","[1697462680917, 1697462684849, 1697462684938, 1697462685037, 1697462685119, 1697462685207, 1697462685296, 1697462685385, 1697462685473, 1697462685846, 1697462685943, 1697462686337, 1697462686441, 1697462686529, 1697462687440]"
679,129,17,[],408,EleutherAI/gpt-neox-20b,32,1,,,4,T4,1697462702751,,120,,,"[10, 1869, 109, 91, 901, 109, 95, 105, 93, 92, 92, 525, 96, 96, 103, 90, 98, 971, 95, 107, 104, 103, 101, 795, 90, 90, 90, 90, 90, 91, 653, 103, 190, 90, 89, 90, 99, 88, 94, 94, 82, 79, 789, 299, 98, 83, 83, 82, 210, 87, 99, 456, 82, 358, 84, 82, 83, 81, 96, 86, 204, 82, 94, 81, 81, 81, 782, 84, 85, 88, 90, 84, 204, 84, 83, 85, 97, 83, 83, 96, 82, 82, 81, 81, 82, 580, 190, 83, 82, 83, 83, 96, 94, 81, 83, 84, 387, 82, 81, 82, 452, 83, 84, 86, 229, 193, 97, 83, 85, 81, 82, 84, 87, 661, 90, 103, 91, 93, 90, 89, 89, 755, 92, 104, 90, 91, 89, 90, 90, 90, 695, 93, 100, 655, 115, 102, 95, 94, 91, 92, 92, 105, 223, 111, 90, 103, 601, 94, 93, 107, 104, 89, 668, 101, 98, 91, 91, 90, 91, 103, 91, 90, 279, 92, 92, 102, 89, 88, 90, 88, 92, 747, 90, 77, 77, 86, 75, 75, 81, 72, 354, 80, 88, 74, 76, 74, 75, 75, 77, 75, 83, 74, 76, 75, 73, 73, 73, 73, 73, 73, 73, 83, 76, 74, 73, 74, 75, 74, 74, 73, 73, 72, 73, 74, 73, 73, 75, 73, 75, 73, 74, 75, 73, 74, 73, 74, 73, 74, 74, 74, 75, 75, 74, 74, 75, 74, 74, 74, 74, 74, 74, 74, 74, 75, 76, 84, 74, 75, 74, 75, 75]","[1697462702761, 1697462704630, 1697462704739, 1697462704830, 1697462705731, 1697462705840, 1697462705935, 1697462706040, 1697462706133, 1697462706225, 1697462706317, 1697462706842, 1697462706938, 1697462707034, 1697462707137, 1697462707227, 1697462707325, 1697462708296, 1697462708391, 1697462708498, 1697462708602, 1697462708705, 1697462708806, 1697462709601, 1697462709691, 1697462709781, 1697462709871, 1697462709961, 1697462710051, 1697462710142, 1697462710795, 1697462710898, 1697462711088, 1697462711178, 1697462711267, 1697462711357, 1697462711456, 1697462711544, 1697462711638, 1697462711732, 1697462711814, 1697462711893, 1697462712682, 1697462712981, 1697462713079, 1697462713162, 1697462713245, 1697462713327, 1697462713537, 1697462713624, 1697462713723, 1697462714179, 1697462714261, 1697462714619, 1697462714703, 1697462714785, 1697462714868, 1697462714949, 1697462715045, 1697462715131, 1697462715335, 1697462715417, 1697462715511, 1697462715592, 1697462715673, 1697462715754, 1697462716536, 1697462716620, 1697462716705, 1697462716793, 1697462716883, 1697462716967, 1697462717171, 1697462717255, 1697462717338, 1697462717423, 1697462717520, 1697462717603, 1697462717686, 1697462717782, 1697462717864, 1697462717946, 1697462718027, 1697462718108, 1697462718190, 1697462718770, 1697462718960, 1697462719043, 1697462719125, 1697462719208, 1697462719291, 1697462719387, 1697462719481, 1697462719562, 1697462719645, 1697462719729, 1697462720116, 1697462720198, 1697462720279, 1697462720361, 1697462720813, 1697462720896, 1697462720980, 1697462721066, 1697462721295, 1697462721488, 1697462721585, 1697462721668, 1697462721753, 1697462721834, 1697462721916, 1697462722000, 1697462722087, 1697462722748, 1697462722838, 1697462722941, 1697462723032, 1697462723125, 1697462723215, 1697462723304, 1697462723393, 1697462724148, 1697462724240, 1697462724344, 1697462724434, 1697462724525, 1697462724614, 1697462724704, 1697462724794, 1697462724884, 1697462725579, 1697462725672, 1697462725772, 1697462726427, 1697462726542, 1697462726644, 1697462726739, 1697462726833, 1697462726924, 1697462727016, 1697462727108, 1697462727213, 1697462727436, 1697462727547, 1697462727637, 1697462727740, 1697462728341, 1697462728435, 1697462728528, 1697462728635, 1697462728739, 1697462728828, 1697462729496, 1697462729597, 1697462729695, 1697462729786, 1697462729877, 1697462729967, 1697462730058, 1697462730161, 1697462730252, 1697462730342, 1697462730621, 1697462730713, 1697462730805, 1697462730907, 1697462730996, 1697462731084, 1697462731174, 1697462731262, 1697462731354, 1697462732101, 1697462732191, 1697462732268, 1697462732345, 1697462732431, 1697462732506, 1697462732581, 1697462732662, 1697462732734, 1697462733088, 1697462733168, 1697462733256, 1697462733330, 1697462733406, 1697462733480, 1697462733555, 1697462733630, 1697462733707, 1697462733782, 1697462733865, 1697462733939, 1697462734015, 1697462734090, 1697462734163, 1697462734236, 1697462734309, 1697462734382, 1697462734455, 1697462734528, 1697462734601, 1697462734684, 1697462734760, 1697462734834, 1697462734907, 1697462734981, 1697462735056, 1697462735130, 1697462735204, 1697462735277, 1697462735350, 1697462735422, 1697462735495, 1697462735569, 1697462735642, 1697462735715, 1697462735790, 1697462735863, 1697462735938, 1697462736011, 1697462736085, 1697462736160, 1697462736233, 1697462736307, 1697462736380, 1697462736454, 1697462736527, 1697462736601, 1697462736675, 1697462736749, 1697462736824, 1697462736899, 1697462736973, 1697462737047, 1697462737122, 1697462737196, 1697462737270, 1697462737344, 1697462737418, 1697462737492, 1697462737566, 1697462737640, 1697462737714, 1697462737789, 1697462737865, 1697462737949, 1697462738023, 1697462738098, 1697462738172, 1697462738247, 1697462738322]"
680,74,21,[],200,EleutherAI/gpt-neox-20b,32,1,4677.0,1.0,4,T4,1697462704130,1697462708807.0,120,88.0,20.0,"[18, 1583, 109, 95, 105, 93, 92, 92, 524, 97, 96, 103, 90, 98, 971, 95, 107, 105, 102, 101]","[1697462704148, 1697462705731, 1697462705840, 1697462705935, 1697462706040, 1697462706133, 1697462706225, 1697462706317, 1697462706841, 1697462706938, 1697462707034, 1697462707137, 1697462707227, 1697462707325, 1697462708296, 1697462708391, 1697462708498, 1697462708603, 1697462708705, 1697462708806]"
681,880,20,[],200,EleutherAI/gpt-neox-20b,32,1,2024.0,1.0,4,T4,1697462699078,1697462701102.0,120,84.0,2.0,"[13, 2011]","[1697462699091, 1697462701102]"
682,22,22,[],200,EleutherAI/gpt-neox-20b,32,1,3778.0,1.0,4,T4,1697462708810,1697462712588.0,120,16.0,1.0,"[13, 3765]","[1697462708823, 1697462712588]"
683,773,23,[],200,EleutherAI/gpt-neox-20b,32,1,5600.0,1.0,4,T4,1697462712591,1697462718191.0,120,90.0,20.0,"[15, 3931, 83, 85, 88, 90, 84, 204, 84, 83, 85, 97, 83, 83, 96, 82, 82, 81, 81, 82]","[1697462712606, 1697462716537, 1697462716620, 1697462716705, 1697462716793, 1697462716883, 1697462716967, 1697462717171, 1697462717255, 1697462717338, 1697462717423, 1697462717520, 1697462717603, 1697462717686, 1697462717782, 1697462717864, 1697462717946, 1697462718027, 1697462718108, 1697462718190]"
684,273,16,[],200,EleutherAI/gpt-neox-20b,32,1,694.0,1.0,4,T4,1697462700306,1697462701000.0,120,19.0,1.0,"[15, 679]","[1697462700321, 1697462701000]"
685,601,24,[],200,EleutherAI/gpt-neox-20b,32,1,7479.0,1.0,4,T4,1697462718193,1697462725672.0,120,83.0,20.0,"[16, 4538, 92, 103, 90, 93, 90, 89, 89, 755, 92, 104, 91, 90, 89, 90, 90, 90, 695, 93]","[1697462718209, 1697462722747, 1697462722839, 1697462722942, 1697462723032, 1697462723125, 1697462723215, 1697462723304, 1697462723393, 1697462724148, 1697462724240, 1697462724344, 1697462724435, 1697462724525, 1697462724614, 1697462724704, 1697462724794, 1697462724884, 1697462725579, 1697462725672]"
686,102,17,[],200,EleutherAI/gpt-neox-20b,32,1,5315.0,1.0,4,T4,1697462701003,1697462706318.0,120,84.0,20.0,"[15, 1821, 94, 96, 613, 95, 94, 107, 95, 94, 503, 109, 91, 901, 109, 95, 105, 93, 92, 92]","[1697462701018, 1697462702839, 1697462702933, 1697462703029, 1697462703642, 1697462703737, 1697462703831, 1697462703938, 1697462704033, 1697462704127, 1697462704630, 1697462704739, 1697462704830, 1697462705731, 1697462705840, 1697462705935, 1697462706040, 1697462706133, 1697462706225, 1697462706317]"
687,168,10,[],408,EleutherAI/gpt-neox-20b,32,1,,,4,T4,1697462687443,,120,,,"[7, 3289, 101, 94, 700, 106, 92, 92, 94, 91, 92, 92, 235, 96, 102, 88, 98, 87, 766, 93, 107, 91, 91, 503, 104, 89, 89, 94, 798, 105, 91, 104, 91, 271, 105, 102, 94, 79, 893, 106, 92, 92, 102, 413, 96, 107, 310, 103, 614, 96, 108, 110, 99, 94, 107, 694, 107, 103, 92, 90, 89, 101, 100, 88, 88, 879, 94, 96, 613, 95, 94, 107, 95, 94, 503, 109, 91, 901, 109, 95, 105, 93, 92, 92, 525, 96, 95, 104, 90, 98, 971, 95, 107, 104, 103, 101, 795, 90, 90, 90, 90, 90, 91, 653, 103, 190, 90, 89, 90, 99, 88, 94, 94, 82, 79, 789, 299, 98, 83, 83, 82, 210, 87, 99, 456, 82, 358, 84, 82, 82, 82, 96, 86, 204, 82, 93, 82, 81, 81, 782, 84, 85, 88, 90, 84, 204, 84, 83, 85, 97, 83, 83, 96, 82, 82, 81, 81, 82, 580, 190, 83, 82, 83, 83, 96, 94, 81, 83, 84, 387, 82, 81, 82, 452, 83, 84, 86, 229, 193, 97, 83, 85, 81, 82, 84, 87, 660, 92, 102, 91, 93, 90, 89, 89, 755, 92, 104, 91, 90, 89, 90, 90, 90, 695, 93, 100, 655, 116, 101, 95, 94, 91, 92, 92, 105, 223, 111, 90, 103, 601, 94, 93, 107, 104, 89, 668, 101, 98, 90, 92, 90, 91, 103, 91, 90, 278, 93, 92, 102, 88, 89, 89, 89, 91, 748, 90, 77, 77, 86, 75, 75, 81, 72, 354, 80, 88, 74, 76, 74, 75, 75, 77, 75, 83, 74, 76, 75, 73, 73, 73, 73, 73, 73, 73, 83, 76, 74, 74, 73, 75, 74, 74, 73, 73, 72, 73, 74, 73, 73, 75, 73, 74, 74, 74, 75, 73, 74, 73, 73, 74, 74, 74, 74, 75, 75, 73, 75, 75, 74, 74, 74, 74, 74, 74, 74, 74, 75, 76, 84, 74, 75, 74, 75, 76]","[1697462687450, 1697462690739, 1697462690840, 1697462690934, 1697462691634, 1697462691740, 1697462691832, 1697462691924, 1697462692018, 1697462692109, 1697462692201, 1697462692293, 1697462692528, 1697462692624, 1697462692726, 1697462692814, 1697462692912, 1697462692999, 1697462693765, 1697462693858, 1697462693965, 1697462694056, 1697462694147, 1697462694650, 1697462694754, 1697462694843, 1697462694932, 1697462695026, 1697462695824, 1697462695929, 1697462696020, 1697462696124, 1697462696215, 1697462696486, 1697462696591, 1697462696693, 1697462696787, 1697462696866, 1697462697759, 1697462697865, 1697462697957, 1697462698049, 1697462698151, 1697462698564, 1697462698660, 1697462698767, 1697462699077, 1697462699180, 1697462699794, 1697462699890, 1697462699998, 1697462700108, 1697462700207, 1697462700301, 1697462700408, 1697462701102, 1697462701209, 1697462701312, 1697462701404, 1697462701494, 1697462701583, 1697462701684, 1697462701784, 1697462701872, 1697462701960, 1697462702839, 1697462702933, 1697462703029, 1697462703642, 1697462703737, 1697462703831, 1697462703938, 1697462704033, 1697462704127, 1697462704630, 1697462704739, 1697462704830, 1697462705731, 1697462705840, 1697462705935, 1697462706040, 1697462706133, 1697462706225, 1697462706317, 1697462706842, 1697462706938, 1697462707033, 1697462707137, 1697462707227, 1697462707325, 1697462708296, 1697462708391, 1697462708498, 1697462708602, 1697462708705, 1697462708806, 1697462709601, 1697462709691, 1697462709781, 1697462709871, 1697462709961, 1697462710051, 1697462710142, 1697462710795, 1697462710898, 1697462711088, 1697462711178, 1697462711267, 1697462711357, 1697462711456, 1697462711544, 1697462711638, 1697462711732, 1697462711814, 1697462711893, 1697462712682, 1697462712981, 1697462713079, 1697462713162, 1697462713245, 1697462713327, 1697462713537, 1697462713624, 1697462713723, 1697462714179, 1697462714261, 1697462714619, 1697462714703, 1697462714785, 1697462714867, 1697462714949, 1697462715045, 1697462715131, 1697462715335, 1697462715417, 1697462715510, 1697462715592, 1697462715673, 1697462715754, 1697462716536, 1697462716620, 1697462716705, 1697462716793, 1697462716883, 1697462716967, 1697462717171, 1697462717255, 1697462717338, 1697462717423, 1697462717520, 1697462717603, 1697462717686, 1697462717782, 1697462717864, 1697462717946, 1697462718027, 1697462718108, 1697462718190, 1697462718770, 1697462718960, 1697462719043, 1697462719125, 1697462719208, 1697462719291, 1697462719387, 1697462719481, 1697462719562, 1697462719645, 1697462719729, 1697462720116, 1697462720198, 1697462720279, 1697462720361, 1697462720813, 1697462720896, 1697462720980, 1697462721066, 1697462721295, 1697462721488, 1697462721585, 1697462721668, 1697462721753, 1697462721834, 1697462721916, 1697462722000, 1697462722087, 1697462722747, 1697462722839, 1697462722941, 1697462723032, 1697462723125, 1697462723215, 1697462723304, 1697462723393, 1697462724148, 1697462724240, 1697462724344, 1697462724435, 1697462724525, 1697462724614, 1697462724704, 1697462724794, 1697462724884, 1697462725579, 1697462725672, 1697462725772, 1697462726427, 1697462726543, 1697462726644, 1697462726739, 1697462726833, 1697462726924, 1697462727016, 1697462727108, 1697462727213, 1697462727436, 1697462727547, 1697462727637, 1697462727740, 1697462728341, 1697462728435, 1697462728528, 1697462728635, 1697462728739, 1697462728828, 1697462729496, 1697462729597, 1697462729695, 1697462729785, 1697462729877, 1697462729967, 1697462730058, 1697462730161, 1697462730252, 1697462730342, 1697462730620, 1697462730713, 1697462730805, 1697462730907, 1697462730995, 1697462731084, 1697462731173, 1697462731262, 1697462731353, 1697462732101, 1697462732191, 1697462732268, 1697462732345, 1697462732431, 1697462732506, 1697462732581, 1697462732662, 1697462732734, 1697462733088, 1697462733168, 1697462733256, 1697462733330, 1697462733406, 1697462733480, 1697462733555, 1697462733630, 1697462733707, 1697462733782, 1697462733865, 1697462733939, 1697462734015, 1697462734090, 1697462734163, 1697462734236, 1697462734309, 1697462734382, 1697462734455, 1697462734528, 1697462734601, 1697462734684, 1697462734760, 1697462734834, 1697462734908, 1697462734981, 1697462735056, 1697462735130, 1697462735204, 1697462735277, 1697462735350, 1697462735422, 1697462735495, 1697462735569, 1697462735642, 1697462735715, 1697462735790, 1697462735863, 1697462735937, 1697462736011, 1697462736085, 1697462736160, 1697462736233, 1697462736307, 1697462736380, 1697462736453, 1697462736527, 1697462736601, 1697462736675, 1697462736749, 1697462736824, 1697462736899, 1697462736972, 1697462737047, 1697462737122, 1697462737196, 1697462737270, 1697462737344, 1697462737418, 1697462737492, 1697462737566, 1697462737640, 1697462737714, 1697462737789, 1697462737865, 1697462737949, 1697462738023, 1697462738098, 1697462738172, 1697462738247, 1697462738323]"
688,524,25,[],200,EleutherAI/gpt-neox-20b,32,1,5681.0,1.0,4,T4,1697462725673,1697462731354.0,120,100.0,30.0,"[13, 1750, 111, 90, 103, 601, 94, 93, 107, 104, 89, 668, 101, 98, 91, 91, 90, 91, 103, 91, 90, 279, 92, 92, 102, 89, 88, 90, 88, 92]","[1697462725686, 1697462727436, 1697462727547, 1697462727637, 1697462727740, 1697462728341, 1697462728435, 1697462728528, 1697462728635, 1697462728739, 1697462728828, 1697462729496, 1697462729597, 1697462729695, 1697462729786, 1697462729877, 1697462729967, 1697462730058, 1697462730161, 1697462730252, 1697462730342, 1697462730621, 1697462730713, 1697462730805, 1697462730907, 1697462730996, 1697462731084, 1697462731174, 1697462731262, 1697462731354]"
689,863,18,[],200,EleutherAI/gpt-neox-20b,32,1,1869.0,1.0,4,T4,1697462706325,1697462708194.0,120,10.0,1.0,"[14, 1854]","[1697462706339, 1697462708193]"
690,685,19,[],200,EleutherAI/gpt-neox-20b,32,1,2599.0,1.0,4,T4,1697462708196,1697462710795.0,120,364.0,2.0,"[14, 2585]","[1697462708210, 1697462710795]"
691,629,20,[],408,EleutherAI/gpt-neox-20b,32,1,,,4,T4,1697462710805,,120,,,"[16, 5715, 84, 85, 88, 90, 84, 204, 84, 83, 85, 97, 83, 83, 96, 82, 82, 81, 81, 82, 580, 190, 83, 82, 83, 83, 96, 94, 81, 83, 84, 387, 82, 81, 82, 452, 83, 84, 86, 229, 193, 97, 83, 85, 80, 83, 84, 87, 661, 91, 103, 90, 93, 90, 89, 89, 755, 92, 104, 90, 91, 89, 90, 90, 90, 695, 92, 101, 655, 116, 101, 95, 94, 92, 91, 92, 105, 223, 111, 90, 103, 601, 94, 92, 108, 104, 89, 668, 101, 98, 91, 91, 90, 91, 103, 91, 90, 279, 92, 92, 102, 89, 88, 90, 88, 91, 748, 90, 77, 77, 86, 75, 75, 81, 72, 354, 80, 88, 74, 76, 74, 75, 75, 77, 75, 83, 74, 76, 75, 73, 73, 73, 73, 73, 73, 73, 83, 76, 148, 73, 75, 74, 74, 73, 73, 72, 73, 74, 73, 73, 75, 73, 74, 74, 75, 74, 73, 74, 73, 73, 74, 74, 74, 74, 75, 75, 74, 74, 75, 74, 74, 74, 74, 74, 74, 74, 74, 75, 76, 84, 74, 75, 74, 75, 75]","[1697462710821, 1697462716536, 1697462716620, 1697462716705, 1697462716793, 1697462716883, 1697462716967, 1697462717171, 1697462717255, 1697462717338, 1697462717423, 1697462717520, 1697462717603, 1697462717686, 1697462717782, 1697462717864, 1697462717946, 1697462718027, 1697462718108, 1697462718190, 1697462718770, 1697462718960, 1697462719043, 1697462719125, 1697462719208, 1697462719291, 1697462719387, 1697462719481, 1697462719562, 1697462719645, 1697462719729, 1697462720116, 1697462720198, 1697462720279, 1697462720361, 1697462720813, 1697462720896, 1697462720980, 1697462721066, 1697462721295, 1697462721488, 1697462721585, 1697462721668, 1697462721753, 1697462721833, 1697462721916, 1697462722000, 1697462722087, 1697462722748, 1697462722839, 1697462722942, 1697462723032, 1697462723125, 1697462723215, 1697462723304, 1697462723393, 1697462724148, 1697462724240, 1697462724344, 1697462724434, 1697462724525, 1697462724614, 1697462724704, 1697462724794, 1697462724884, 1697462725579, 1697462725671, 1697462725772, 1697462726427, 1697462726543, 1697462726644, 1697462726739, 1697462726833, 1697462726925, 1697462727016, 1697462727108, 1697462727213, 1697462727436, 1697462727547, 1697462727637, 1697462727740, 1697462728341, 1697462728435, 1697462728527, 1697462728635, 1697462728739, 1697462728828, 1697462729496, 1697462729597, 1697462729695, 1697462729786, 1697462729877, 1697462729967, 1697462730058, 1697462730161, 1697462730252, 1697462730342, 1697462730621, 1697462730713, 1697462730805, 1697462730907, 1697462730996, 1697462731084, 1697462731174, 1697462731262, 1697462731353, 1697462732101, 1697462732191, 1697462732268, 1697462732345, 1697462732431, 1697462732506, 1697462732581, 1697462732662, 1697462732734, 1697462733088, 1697462733168, 1697462733256, 1697462733330, 1697462733406, 1697462733480, 1697462733555, 1697462733630, 1697462733707, 1697462733782, 1697462733865, 1697462733939, 1697462734015, 1697462734090, 1697462734163, 1697462734236, 1697462734309, 1697462734382, 1697462734455, 1697462734528, 1697462734601, 1697462734684, 1697462734760, 1697462734908, 1697462734981, 1697462735056, 1697462735130, 1697462735204, 1697462735277, 1697462735350, 1697462735422, 1697462735495, 1697462735569, 1697462735642, 1697462735715, 1697462735790, 1697462735863, 1697462735937, 1697462736011, 1697462736086, 1697462736160, 1697462736233, 1697462736307, 1697462736380, 1697462736453, 1697462736527, 1697462736601, 1697462736675, 1697462736749, 1697462736824, 1697462736899, 1697462736973, 1697462737047, 1697462737122, 1697462737196, 1697462737270, 1697462737344, 1697462737418, 1697462737492, 1697462737566, 1697462737640, 1697462737714, 1697462737789, 1697462737865, 1697462737949, 1697462738023, 1697462738098, 1697462738172, 1697462738247, 1697462738322]"
692,702,21,[],200,EleutherAI/gpt-neox-20b,32,1,5931.0,1.0,4,T4,1697462701103,1697462707034.0,120,89.0,20.0,"[5, 2534, 95, 94, 107, 95, 94, 503, 109, 92, 900, 109, 95, 105, 93, 92, 92, 524, 97, 96]","[1697462701108, 1697462703642, 1697462703737, 1697462703831, 1697462703938, 1697462704033, 1697462704127, 1697462704630, 1697462704739, 1697462704831, 1697462705731, 1697462705840, 1697462705935, 1697462706040, 1697462706133, 1697462706225, 1697462706317, 1697462706841, 1697462706938, 1697462707034]"
693,670,22,[],200,EleutherAI/gpt-neox-20b,32,1,2962.0,1.0,4,T4,1697462725673,1697462728635.0,120,67.0,18.0,"[5, 749, 116, 101, 95, 94, 91, 92, 92, 105, 223, 111, 90, 103, 601, 94, 93, 107]","[1697462725678, 1697462726427, 1697462726543, 1697462726644, 1697462726739, 1697462726833, 1697462726924, 1697462727016, 1697462727108, 1697462727213, 1697462727436, 1697462727547, 1697462727637, 1697462727740, 1697462728341, 1697462728435, 1697462728528, 1697462728635]"
694,495,11,[],200,EleutherAI/gpt-neox-20b,32,1,2089.0,1.0,4,T4,1697462723395,1697462725484.0,120,13.0,1.0,"[15, 2074]","[1697462723410, 1697462725484]"
695,434,12,[],200,EleutherAI/gpt-neox-20b,32,1,3343.0,1.0,4,T4,1697462725486,1697462728829.0,120,85.0,20.0,"[23, 918, 116, 101, 95, 94, 92, 91, 92, 105, 223, 111, 90, 103, 601, 94, 93, 107, 104, 89]","[1697462725509, 1697462726427, 1697462726543, 1697462726644, 1697462726739, 1697462726833, 1697462726925, 1697462727016, 1697462727108, 1697462727213, 1697462727436, 1697462727547, 1697462727637, 1697462727740, 1697462728341, 1697462728435, 1697462728528, 1697462728635, 1697462728739, 1697462728828]"
696,143,6,[],200,EleutherAI/gpt-neox-20b,32,1,5018.0,1.0,4,T4,1697462722090,1697462727108.0,120,6.0,12.0,"[15, 3474, 92, 101, 655, 115, 102, 95, 94, 91, 92, 92]","[1697462722105, 1697462725579, 1697462725671, 1697462725772, 1697462726427, 1697462726542, 1697462726644, 1697462726739, 1697462726833, 1697462726924, 1697462727016, 1697462727108]"
697,901,7,[],200,EleutherAI/gpt-neox-20b,32,1,1131.0,1.0,4,T4,1697462727113,1697462728244.0,120,17.0,1.0,"[16, 1114]","[1697462727129, 1697462728243]"
698,729,8,[],200,EleutherAI/gpt-neox-20b,32,1,3855.0,1.0,4,T4,1697462728246,1697462732101.0,120,874.0,2.0,"[16, 3839]","[1697462728262, 1697462732101]"
699,310,24,[],200,EleutherAI/gpt-neox-20b,32,1,3759.0,1.0,4,T4,1697462712687,1697462716446.0,120,26.0,1.0,"[6, 3753]","[1697462712693, 1697462716446]"
700,135,25,[],200,EleutherAI/gpt-neox-20b,32,1,5039.0,1.0,4,T4,1697462716449,1697462721488.0,120,52.0,2.0,"[17, 5022]","[1697462716466, 1697462721488]"
701,894,26,[],200,EleutherAI/gpt-neox-20b,32,1,3995.0,1.0,4,T4,1697462721489,1697462725484.0,120,14.0,1.0,"[5, 3990]","[1697462721494, 1697462725484]"
702,832,27,[],200,EleutherAI/gpt-neox-20b,32,1,843.0,1.0,4,T4,1697462725485,1697462726328.0,120,15.0,1.0,"[10, 833]","[1697462725495, 1697462726328]"
703,664,28,[],200,EleutherAI/gpt-neox-20b,32,1,3267.0,1.0,4,T4,1697462726330,1697462729597.0,120,364.0,9.0,"[6, 2006, 93, 93, 107, 104, 89, 668, 101]","[1697462726336, 1697462728342, 1697462728435, 1697462728528, 1697462728635, 1697462728739, 1697462728828, 1697462729496, 1697462729597]"
704,41,22,[],200,EleutherAI/gpt-neox-20b,32,1,12319.0,1.0,4,T4,1697462715421,1697462727740.0,120,39.0,43.0,"[16, 5858, 193, 97, 83, 85, 80, 83, 84, 87, 660, 92, 102, 91, 93, 90, 89, 89, 754, 93, 104, 91, 90, 89, 90, 90, 90, 695, 92, 101, 655, 116, 101, 95, 94, 92, 91, 92, 105, 223, 111, 90, 103]","[1697462715437, 1697462721295, 1697462721488, 1697462721585, 1697462721668, 1697462721753, 1697462721833, 1697462721916, 1697462722000, 1697462722087, 1697462722747, 1697462722839, 1697462722941, 1697462723032, 1697462723125, 1697462723215, 1697462723304, 1697462723393, 1697462724147, 1697462724240, 1697462724344, 1697462724435, 1697462724525, 1697462724614, 1697462724704, 1697462724794, 1697462724884, 1697462725579, 1697462725671, 1697462725772, 1697462726427, 1697462726543, 1697462726644, 1697462726739, 1697462726833, 1697462726925, 1697462727016, 1697462727108, 1697462727213, 1697462727436, 1697462727547, 1697462727637, 1697462727740]"
705,801,23,[],200,EleutherAI/gpt-neox-20b,32,1,3611.0,1.0,4,T4,1697462727743,1697462731354.0,120,47.0,20.0,"[13, 1740, 101, 98, 91, 91, 90, 91, 103, 91, 90, 278, 93, 92, 102, 89, 88, 90, 88, 92]","[1697462727756, 1697462729496, 1697462729597, 1697462729695, 1697462729786, 1697462729877, 1697462729967, 1697462730058, 1697462730161, 1697462730252, 1697462730342, 1697462730620, 1697462730713, 1697462730805, 1697462730907, 1697462730996, 1697462731084, 1697462731174, 1697462731262, 1697462731354]"
706,534,22,[],200,EleutherAI/gpt-neox-20b,32,1,4855.0,1.0,4,T4,1697462707038,1697462711893.0,120,96.0,20.0,"[16, 2547, 90, 90, 90, 90, 90, 91, 653, 103, 190, 90, 89, 89, 101, 87, 94, 94, 82, 79]","[1697462707054, 1697462709601, 1697462709691, 1697462709781, 1697462709871, 1697462709961, 1697462710051, 1697462710142, 1697462710795, 1697462710898, 1697462711088, 1697462711178, 1697462711267, 1697462711356, 1697462711457, 1697462711544, 1697462711638, 1697462711732, 1697462711814, 1697462711893]"
707,362,23,[],200,EleutherAI/gpt-neox-20b,32,1,4548.0,1.0,4,T4,1697462711898,1697462716446.0,120,14.0,1.0,"[15, 4533]","[1697462711913, 1697462716446]"
708,311,24,[],200,EleutherAI/gpt-neox-20b,32,1,9223.0,1.0,4,T4,1697462716449,1697462725672.0,120,93.0,20.0,"[13, 6286, 91, 102, 91, 93, 90, 89, 89, 754, 93, 104, 91, 90, 89, 90, 90, 90, 695, 93]","[1697462716462, 1697462722748, 1697462722839, 1697462722941, 1697462723032, 1697462723125, 1697462723215, 1697462723304, 1697462723393, 1697462724147, 1697462724240, 1697462724344, 1697462724435, 1697462724525, 1697462724614, 1697462724704, 1697462724794, 1697462724884, 1697462725579, 1697462725672]"
709,132,25,[],200,EleutherAI/gpt-neox-20b,32,1,5132.0,1.0,4,T4,1697462725673,1697462730805.0,120,100.0,20.0,"[17, 2651, 94, 93, 107, 104, 89, 668, 101, 98, 91, 91, 90, 91, 103, 91, 90, 279, 92, 92]","[1697462725690, 1697462728341, 1697462728435, 1697462728528, 1697462728635, 1697462728739, 1697462728828, 1697462729496, 1697462729597, 1697462729695, 1697462729786, 1697462729877, 1697462729967, 1697462730058, 1697462730161, 1697462730252, 1697462730342, 1697462730621, 1697462730713, 1697462730805]"
710,865,4,[],200,EleutherAI/gpt-neox-20b,32,1,1905.0,1.0,4,T4,1697462704835,1697462706740.0,120,9.0,1.0,"[12, 1893]","[1697462704847, 1697462706740]"
711,805,5,[],200,EleutherAI/gpt-neox-20b,32,1,10223.0,1.0,4,T4,1697462706744,1697462716967.0,120,286.0,50.0,"[14, 2843, 90, 90, 90, 90, 90, 91, 653, 103, 190, 90, 89, 89, 100, 88, 94, 94, 82, 79, 789, 299, 98, 83, 83, 82, 210, 87, 99, 456, 82, 358, 84, 82, 82, 82, 96, 86, 204, 82, 93, 82, 81, 81, 782, 84, 85, 88, 90, 84]","[1697462706758, 1697462709601, 1697462709691, 1697462709781, 1697462709871, 1697462709961, 1697462710051, 1697462710142, 1697462710795, 1697462710898, 1697462711088, 1697462711178, 1697462711267, 1697462711356, 1697462711456, 1697462711544, 1697462711638, 1697462711732, 1697462711814, 1697462711893, 1697462712682, 1697462712981, 1697462713079, 1697462713162, 1697462713245, 1697462713327, 1697462713537, 1697462713624, 1697462713723, 1697462714179, 1697462714261, 1697462714619, 1697462714703, 1697462714785, 1697462714867, 1697462714949, 1697462715045, 1697462715131, 1697462715335, 1697462715417, 1697462715510, 1697462715592, 1697462715673, 1697462715754, 1697462716536, 1697462716620, 1697462716705, 1697462716793, 1697462716883, 1697462716967]"
712,634,6,[],200,EleutherAI/gpt-neox-20b,32,1,4231.0,1.0,4,T4,1697462716972,1697462721203.0,120,13.0,1.0,"[12, 4219]","[1697462716984, 1697462721203]"
713,460,7,[],200,EleutherAI/gpt-neox-20b,32,1,7322.0,1.0,4,T4,1697462721206,1697462728528.0,120,87.0,20.0,"[5, 4368, 93, 100, 655, 116, 101, 95, 94, 91, 92, 92, 105, 223, 111, 89, 104, 601, 94, 93]","[1697462721211, 1697462725579, 1697462725672, 1697462725772, 1697462726427, 1697462726543, 1697462726644, 1697462726739, 1697462726833, 1697462726924, 1697462727016, 1697462727108, 1697462727213, 1697462727436, 1697462727547, 1697462727636, 1697462727740, 1697462728341, 1697462728435, 1697462728528]"
